1	-3.249861	-5.628924369537	-18.421636574816123
2	0.0	-5.628924369537	-18.421636574816123
3	-4.8747915	-2.8144621847685	-18.421636574816123
4	-1.6249305000000005	-2.8144621847685	-18.421636574816123
5	-1.6246055138999997	-4.690582677135182	-15.81832607480439
6	1.6252554861000004	-4.690582677135182	-15.81832607480439
7	-3.2495360139000002	-1.8761204923666823	-15.81832607480439
8	0.0003249861000003129	-1.8761204923666823	-15.81832607480439
9	-3.249861	-5.628924369537	-13.21501557481307
10	0.0	-5.628924369537	-13.21501557481307
11	-4.8747915	-2.8144621847685	-13.21501557481307
12	-1.6249305000000005	-2.8144621847685	-13.21501557481307
13	-1.6246055138999997	-4.690582677135182	-10.611705074801336
14	1.6252554861000004	-4.690582677135182	-10.611705074801336
15	-3.2495360139000002	-1.8761204923666823	-10.611705074801336
16	0.0003249861000003129	-1.8761204923666823	-10.611705074801336
17	-1.6246055138999997	-4.690582677135182	-17.80993150000868
18	1.6252554861000004	-4.690582677135182	-17.80993150000868
19	-3.2495360139000002	-1.8761204923666823	-17.80993150000868
20	0.0003249861000003129	-1.8761204923666823	-17.80993150000868
21	-3.249861	-5.628924369537	-15.206620999996947
22	0.0	-5.628924369537	-15.206620999996947
23	-4.8747915	-2.8144621847685	-15.206620999996947
24	-1.6249305000000005	-2.8144621847685	-15.206620999996947
25	-1.6246055138999997	-4.690582677135182	-12.603310500005627
26	1.6252554861000004	-4.690582677135182	-12.603310500005627
27	-3.2495360139000002	-1.8761204923666823	-12.603310500005627
28	0.0003249861000003129	-1.8761204923666823	-12.603310500005627
29	-3.249861	-5.628924369537	-9.999999999993893
30	0.0	-5.628924369537	-9.999999999993893
31	-4.8747915	-2.8144621847685	-9.999999999993893
32	-1.6249305000000005	-2.8144621847685	-9.999999999993893
33	-3.249861	-5.628924369537	1.9916054251838777
34	0.0	-5.628924369537	1.9916054251838777
35	-4.8747915	-2.8144621847685	1.9916054251838777
36	-1.6249305000000005	-2.8144621847685	1.9916054251838777
37	-1.6246055138999997	-4.690582677135182	4.594915925195611
38	1.6252554861000004	-4.690582677135182	4.594915925195611
39	-3.2495360139000002	-1.8761204923666823	4.594915925195611
40	0.0003249861000003129	-1.8761204923666823	4.594915925195611
41	-3.249861	-5.628924369537	7.198226425186931
42	0.0	-5.628924369537	7.198226425186931
43	-4.8747915	-2.8144621847685	7.198226425186931
44	-1.6249305000000005	-2.8144621847685	7.198226425186931
45	-1.6246055138999997	-4.690582677135182	9.801536925198665
46	1.6252554861000004	-4.690582677135182	9.801536925198665
47	-3.2495360139000002	-1.8761204923666823	9.801536925198665
48	0.0003249861000003129	-1.8761204923666823	9.801536925198665
49	-1.6246055138999997	-4.690582677135182	2.6033104999913195
50	1.6252554861000004	-4.690582677135182	2.6033104999913195
51	-3.2495360139000002	-1.8761204923666823	2.6033104999913195
52	0.0003249861000003129	-1.8761204923666823	2.6033104999913195
53	-3.249861	-5.628924369537	5.206621000003054
54	0.0	-5.628924369537	5.206621000003054
55	-4.8747915	-2.8144621847685	5.206621000003054
56	-1.6249305000000005	-2.8144621847685	5.206621000003054
57	-1.6246055138999997	-4.690582677135182	7.809931499994373
58	1.6252554861000004	-4.690582677135182	7.809931499994373
59	-3.2495360139000002	-1.8761204923666823	7.809931499994373
60	0.0003249861000003129	-1.8761204923666823	7.809931499994373
61	-3.249861	-5.628924369537	10.413242000006107
62	0.0	-5.628924369537	10.413242000006107
63	-4.8747915	-2.8144621847685	10.413242000006107
64	-1.6249305000000005	-2.8144621847685	10.413242000006107
65	-3.249861	-5.628924369537	22.404847425183878
66	0.0	-5.628924369537	22.404847425183878
67	-4.8747915	-2.8144621847685	22.404847425183878
68	-1.6249305000000005	-2.8144621847685	22.404847425183878
69	-1.6246055138999997	-4.690582677135182	25.00815792519561
70	1.6252554861000004	-4.690582677135182	25.00815792519561
71	-3.2495360139000002	-1.8761204923666823	25.00815792519561
72	0.0003249861000003129	-1.8761204923666823	25.00815792519561
73	-3.249861	-5.628924369537	27.61146842518693
74	0.0	-5.628924369537	27.61146842518693
75	-4.8747915	-2.8144621847685	27.61146842518693
76	-1.6249305000000005	-2.8144621847685	27.61146842518693
77	-1.6246055138999997	-4.690582677135182	30.214778925198665
78	1.6252554861000004	-4.690582677135182	30.214778925198665
79	-3.2495360139000002	-1.8761204923666823	30.214778925198665
80	0.0003249861000003129	-1.8761204923666823	30.214778925198665
81	-1.6246055138999997	-4.690582677135182	23.01655249999132
82	1.6252554861000004	-4.690582677135182	23.01655249999132
83	-3.2495360139000002	-1.8761204923666823	23.01655249999132
84	0.0003249861000003129	-1.8761204923666823	23.01655249999132
85	-3.249861	-5.628924369537	25.619863000003054
86	0.0	-5.628924369537	25.619863000003054
87	-4.8747915	-2.8144621847685	25.619863000003054
88	-1.6249305000000005	-2.8144621847685	25.619863000003054
89	-1.6246055138999997	-4.690582677135182	28.223173499994374
90	1.6252554861000004	-4.690582677135182	28.223173499994374
91	-3.2495360139000002	-1.8761204923666823	28.223173499994374
92	0.0003249861000003129	-1.8761204923666823	28.223173499994374
93	-3.249861	-5.628924369537	30.826484000006108
94	0.0	-5.628924369537	30.826484000006108
95	-4.8747915	-2.8144621847685	30.826484000006108
96	-1.6249305000000005	-2.8144621847685	30.826484000006108
97	-6.499722	0.0	-18.421636574816123
98	-3.249861	0.0	-18.421636574816123
99	-8.1246525	2.8144621847685	-18.421636574816123
100	-4.874791500000001	2.8144621847685	-18.421636574816123
101	-4.8744665139	0.9383416924018178	-15.81832607480439
102	-1.6246055138999997	0.9383416924018178	-15.81832607480439
103	-6.4993970139	3.7528038771703174	-15.81832607480439
104	-3.2495360139	3.7528038771703174	-15.81832607480439
105	-6.499722	0.0	-13.21501557481307
106	-3.249861	0.0	-13.21501557481307
107	-8.1246525	2.8144621847685	-13.21501557481307
108	-4.874791500000001	2.8144621847685	-13.21501557481307
109	-4.8744665139	0.9383416924018178	-10.611705074801336
110	-1.6246055138999997	0.9383416924018178	-10.611705074801336
111	-6.4993970139	3.7528038771703174	-10.611705074801336
112	-3.2495360139	3.7528038771703174	-10.611705074801336
113	-4.8744665139	0.9383416924018178	-17.80993150000868
114	-1.6246055138999997	0.9383416924018178	-17.80993150000868
115	-6.4993970139	3.7528038771703174	-17.80993150000868
116	-3.2495360139	3.7528038771703174	-17.80993150000868
117	-6.499722	0.0	-15.206620999996947
118	-3.249861	0.0	-15.206620999996947
119	-8.1246525	2.8144621847685	-15.206620999996947
120	-4.874791500000001	2.8144621847685	-15.206620999996947
121	-4.8744665139	0.9383416924018178	-12.603310500005627
122	-1.6246055138999997	0.9383416924018178	-12.603310500005627
123	-6.4993970139	3.7528038771703174	-12.603310500005627
124	-3.2495360139	3.7528038771703174	-12.603310500005627
125	-6.499722	0.0	-9.999999999993893
126	-3.249861	0.0	-9.999999999993893
127	-8.1246525	2.8144621847685	-9.999999999993893
128	-4.874791500000001	2.8144621847685	-9.999999999993893
129	-6.499722	0.0	1.9916054251838777
130	-3.249861	0.0	1.9916054251838777
131	-8.1246525	2.8144621847685	1.9916054251838777
132	-4.874791500000001	2.8144621847685	1.9916054251838777
133	-4.8744665139	0.9383416924018178	4.594915925195611
134	-1.6246055138999997	0.9383416924018178	4.594915925195611
135	-6.4993970139	3.7528038771703174	4.594915925195611
136	-3.2495360139	3.7528038771703174	4.594915925195611
137	-6.499722	0.0	7.198226425186931
138	-3.249861	0.0	7.198226425186931
139	-8.1246525	2.8144621847685	7.198226425186931
140	-4.874791500000001	2.8144621847685	7.198226425186931
141	-4.8744665139	0.9383416924018178	9.801536925198665
142	-1.6246055138999997	0.9383416924018178	9.801536925198665
143	-6.4993970139	3.7528038771703174	9.801536925198665
144	-3.2495360139	3.7528038771703174	9.801536925198665
145	-4.8744665139	0.9383416924018178	2.6033104999913195
146	-1.6246055138999997	0.9383416924018178	2.6033104999913195
147	-6.4993970139	3.7528038771703174	2.6033104999913195
148	-3.2495360139	3.7528038771703174	2.6033104999913195
149	-6.499722	0.0	5.206621000003054
150	-3.249861	0.0	5.206621000003054
151	-8.1246525	2.8144621847685	5.206621000003054
152	-4.874791500000001	2.8144621847685	5.206621000003054
153	-4.8744665139	0.9383416924018178	7.809931499994373
154	-1.6246055138999997	0.9383416924018178	7.809931499994373
155	-6.4993970139	3.7528038771703174	7.809931499994373
156	-3.2495360139	3.7528038771703174	7.809931499994373
157	-6.499722	0.0	10.413242000006107
158	-3.249861	0.0	10.413242000006107
159	-8.1246525	2.8144621847685	10.413242000006107
160	-4.874791500000001	2.8144621847685	10.413242000006107
161	-6.499722	0.0	22.404847425183878
162	-3.249861	0.0	22.404847425183878
163	-8.1246525	2.8144621847685	22.404847425183878
164	-4.874791500000001	2.8144621847685	22.404847425183878
165	-4.8744665139	0.9383416924018178	25.00815792519561
166	-1.6246055138999997	0.9383416924018178	25.00815792519561
167	-6.4993970139	3.7528038771703174	25.00815792519561
168	-3.2495360139	3.7528038771703174	25.00815792519561
169	-6.499722	0.0	27.61146842518693
170	-3.249861	0.0	27.61146842518693
171	-8.1246525	2.8144621847685	27.61146842518693
172	-4.874791500000001	2.8144621847685	27.61146842518693
173	-4.8744665139	0.9383416924018178	30.214778925198665
174	-1.6246055138999997	0.9383416924018178	30.214778925198665
175	-6.4993970139	3.7528038771703174	30.214778925198665
176	-3.2495360139	3.7528038771703174	30.214778925198665
177	-4.8744665139	0.9383416924018178	23.01655249999132
178	-1.6246055138999997	0.9383416924018178	23.01655249999132
179	-6.4993970139	3.7528038771703174	23.01655249999132
180	-3.2495360139	3.7528038771703174	23.01655249999132
181	-6.499722	0.0	25.619863000003054
182	-3.249861	0.0	25.619863000003054
183	-8.1246525	2.8144621847685	25.619863000003054
184	-4.874791500000001	2.8144621847685	25.619863000003054
185	-4.8744665139	0.9383416924018178	28.223173499994374
186	-1.6246055138999997	0.9383416924018178	28.223173499994374
187	-6.4993970139	3.7528038771703174	28.223173499994374
188	-3.2495360139	3.7528038771703174	28.223173499994374
189	-6.499722	0.0	30.826484000006108
190	-3.249861	0.0	30.826484000006108
191	-8.1246525	2.8144621847685	30.826484000006108
192	-4.874791500000001	2.8144621847685	30.826484000006108
193	-9.749583000000001	5.628924369537	-18.421636574816123
194	-6.499722	5.628924369537	-18.421636574816123
195	-11.374513499999999	8.4433865543055	-18.421636574816123
196	-8.1246525	8.4433865543055	-18.421636574816123
197	-8.124327513899999	6.567266061938818	-15.81832607480439
198	-4.8744665139	6.567266061938818	-15.81832607480439
199	-9.7492580139	9.381728246707317	-15.81832607480439
200	-6.4993970138999995	9.381728246707317	-15.81832607480439
201	-9.749583000000001	5.628924369537	-13.21501557481307
202	-6.499722	5.628924369537	-13.21501557481307
203	-11.374513499999999	8.4433865543055	-13.21501557481307
204	-8.1246525	8.4433865543055	-13.21501557481307
205	-8.124327513899999	6.567266061938818	-10.611705074801336
206	-4.8744665139	6.567266061938818	-10.611705074801336
207	-9.7492580139	9.381728246707317	-10.611705074801336
208	-6.4993970138999995	9.381728246707317	-10.611705074801336
209	-8.124327513899999	6.567266061938818	-17.80993150000868
210	-4.8744665139	6.567266061938818	-17.80993150000868
211	-9.7492580139	9.381728246707317	-17.80993150000868
212	-6.4993970138999995	9.381728246707317	-17.80993150000868
213	-9.749583000000001	5.628924369537	-15.206620999996947
214	-6.499722	5.628924369537	-15.206620999996947
215	-11.374513499999999	8.4433865543055	-15.206620999996947
216	-8.1246525	8.4433865543055	-15.206620999996947
217	-8.124327513899999	6.567266061938818	-12.603310500005627
218	-4.8744665139	6.567266061938818	-12.603310500005627
219	-9.7492580139	9.381728246707317	-12.603310500005627
220	-6.4993970138999995	9.381728246707317	-12.603310500005627
221	-9.749583000000001	5.628924369537	-9.999999999993893
222	-6.499722	5.628924369537	-9.999999999993893
223	-11.374513499999999	8.4433865543055	-9.999999999993893
224	-8.1246525	8.4433865543055	-9.999999999993893
225	-9.749583000000001	5.628924369537	1.9916054251838777
226	-6.499722	5.628924369537	1.9916054251838777
227	-11.374513499999999	8.4433865543055	1.9916054251838777
228	-8.1246525	8.4433865543055	1.9916054251838777
229	-8.124327513899999	6.567266061938818	4.594915925195611
230	-4.8744665139	6.567266061938818	4.594915925195611
231	-9.7492580139	9.381728246707317	4.594915925195611
232	-6.4993970138999995	9.381728246707317	4.594915925195611
233	-9.749583000000001	5.628924369537	7.198226425186931
234	-6.499722	5.628924369537	7.198226425186931
235	-11.374513499999999	8.4433865543055	7.198226425186931
236	-8.1246525	8.4433865543055	7.198226425186931
237	-8.124327513899999	6.567266061938818	9.801536925198665
238	-4.8744665139	6.567266061938818	9.801536925198665
239	-9.7492580139	9.381728246707317	9.801536925198665
240	-6.4993970138999995	9.381728246707317	9.801536925198665
241	-8.124327513899999	6.567266061938818	2.6033104999913195
242	-4.8744665139	6.567266061938818	2.6033104999913195
243	-9.7492580139	9.381728246707317	2.6033104999913195
244	-6.4993970138999995	9.381728246707317	2.6033104999913195
245	-9.749583000000001	5.628924369537	5.206621000003054
246	-6.499722	5.628924369537	5.206621000003054
247	-11.374513499999999	8.4433865543055	5.206621000003054
248	-8.1246525	8.4433865543055	5.206621000003054
249	-8.124327513899999	6.567266061938818	7.809931499994373
250	-4.8744665139	6.567266061938818	7.809931499994373
251	-9.7492580139	9.381728246707317	7.809931499994373
252	-6.4993970138999995	9.381728246707317	7.809931499994373
253	-9.749583000000001	5.628924369537	10.413242000006107
254	-6.499722	5.628924369537	10.413242000006107
255	-11.374513499999999	8.4433865543055	10.413242000006107
256	-8.1246525	8.4433865543055	10.413242000006107
257	-9.749583000000001	5.628924369537	22.404847425183878
258	-6.499722	5.628924369537	22.404847425183878
259	-11.374513499999999	8.4433865543055	22.404847425183878
260	-8.1246525	8.4433865543055	22.404847425183878
261	-8.124327513899999	6.567266061938818	25.00815792519561
262	-4.8744665139	6.567266061938818	25.00815792519561
263	-9.7492580139	9.381728246707317	25.00815792519561
264	-6.4993970138999995	9.381728246707317	25.00815792519561
265	-9.749583000000001	5.628924369537	27.61146842518693
266	-6.499722	5.628924369537	27.61146842518693
267	-11.374513499999999	8.4433865543055	27.61146842518693
268	-8.1246525	8.4433865543055	27.61146842518693
269	-8.124327513899999	6.567266061938818	30.214778925198665
270	-4.8744665139	6.567266061938818	30.214778925198665
271	-9.7492580139	9.381728246707317	30.214778925198665
272	-6.4993970138999995	9.381728246707317	30.214778925198665
273	-8.124327513899999	6.567266061938818	23.01655249999132
274	-4.8744665139	6.567266061938818	23.01655249999132
275	-9.7492580139	9.381728246707317	23.01655249999132
276	-6.4993970138999995	9.381728246707317	23.01655249999132
277	-9.749583000000001	5.628924369537	25.619863000003054
278	-6.499722	5.628924369537	25.619863000003054
279	-11.374513499999999	8.4433865543055	25.619863000003054
280	-8.1246525	8.4433865543055	25.619863000003054
281	-8.124327513899999	6.567266061938818	28.223173499994374
282	-4.8744665139	6.567266061938818	28.223173499994374
283	-9.7492580139	9.381728246707317	28.223173499994374
284	-6.4993970138999995	9.381728246707317	28.223173499994374
285	-9.749583000000001	5.628924369537	30.826484000006108
286	-6.499722	5.628924369537	30.826484000006108
287	-11.374513499999999	8.4433865543055	30.826484000006108
288	-8.1246525	8.4433865543055	30.826484000006108
289	3.249861	-5.628924369537	-18.421636574816123
290	6.499722	-5.628924369537	-18.421636574816123
291	1.6249305	-2.8144621847685	-18.421636574816123
292	4.874791500000001	-2.8144621847685	-18.421636574816123
293	4.8751164861	-4.690582677135182	-15.81832607480439
294	8.1249774861	-4.690582677135182	-15.81832607480439
295	3.2501859861	-1.8761204923666823	-15.81832607480439
296	6.500046986100001	-1.8761204923666823	-15.81832607480439
297	3.249861	-5.628924369537	-13.21501557481307
298	6.499722	-5.628924369537	-13.21501557481307
299	1.6249305	-2.8144621847685	-13.21501557481307
300	4.874791500000001	-2.8144621847685	-13.21501557481307
301	4.8751164861	-4.690582677135182	-10.611705074801336
302	8.1249774861	-4.690582677135182	-10.611705074801336
303	3.2501859861	-1.8761204923666823	-10.611705074801336
304	6.500046986100001	-1.8761204923666823	-10.611705074801336
305	4.8751164861	-4.690582677135182	-17.80993150000868
306	8.1249774861	-4.690582677135182	-17.80993150000868
307	3.2501859861	-1.8761204923666823	-17.80993150000868
308	6.500046986100001	-1.8761204923666823	-17.80993150000868
309	3.249861	-5.628924369537	-15.206620999996947
310	6.499722	-5.628924369537	-15.206620999996947
311	1.6249305	-2.8144621847685	-15.206620999996947
312	4.874791500000001	-2.8144621847685	-15.206620999996947
313	4.8751164861	-4.690582677135182	-12.603310500005627
314	8.1249774861	-4.690582677135182	-12.603310500005627
315	3.2501859861	-1.8761204923666823	-12.603310500005627
316	6.500046986100001	-1.8761204923666823	-12.603310500005627
317	3.249861	-5.628924369537	-9.999999999993893
318	6.499722	-5.628924369537	-9.999999999993893
319	1.6249305	-2.8144621847685	-9.999999999993893
320	4.874791500000001	-2.8144621847685	-9.999999999993893
321	3.249861	-5.628924369537	1.9916054251838777
322	6.499722	-5.628924369537	1.9916054251838777
323	1.6249305	-2.8144621847685	1.9916054251838777
324	4.874791500000001	-2.8144621847685	1.9916054251838777
325	4.8751164861	-4.690582677135182	4.594915925195611
326	8.1249774861	-4.690582677135182	4.594915925195611
327	3.2501859861	-1.8761204923666823	4.594915925195611
328	6.500046986100001	-1.8761204923666823	4.594915925195611
329	3.249861	-5.628924369537	7.198226425186931
330	6.499722	-5.628924369537	7.198226425186931
331	1.6249305	-2.8144621847685	7.198226425186931
332	4.874791500000001	-2.8144621847685	7.198226425186931
333	4.8751164861	-4.690582677135182	9.801536925198665
334	8.1249774861	-4.690582677135182	9.801536925198665
335	3.2501859861	-1.8761204923666823	9.801536925198665
336	6.500046986100001	-1.8761204923666823	9.801536925198665
337	4.8751164861	-4.690582677135182	2.6033104999913195
338	8.1249774861	-4.690582677135182	2.6033104999913195
339	3.2501859861	-1.8761204923666823	2.6033104999913195
340	6.500046986100001	-1.8761204923666823	2.6033104999913195
341	3.249861	-5.628924369537	5.206621000003054
342	6.499722	-5.628924369537	5.206621000003054
343	1.6249305	-2.8144621847685	5.206621000003054
344	4.874791500000001	-2.8144621847685	5.206621000003054
345	4.8751164861	-4.690582677135182	7.809931499994373
346	8.1249774861	-4.690582677135182	7.809931499994373
347	3.2501859861	-1.8761204923666823	7.809931499994373
348	6.500046986100001	-1.8761204923666823	7.809931499994373
349	3.249861	-5.628924369537	10.413242000006107
350	6.499722	-5.628924369537	10.413242000006107
351	1.6249305	-2.8144621847685	10.413242000006107
352	4.874791500000001	-2.8144621847685	10.413242000006107
353	3.249861	-5.628924369537	22.404847425183878
354	6.499722	-5.628924369537	22.404847425183878
355	1.6249305	-2.8144621847685	22.404847425183878
356	4.874791500000001	-2.8144621847685	22.404847425183878
357	4.8751164861	-4.690582677135182	25.00815792519561
358	8.1249774861	-4.690582677135182	25.00815792519561
359	3.2501859861	-1.8761204923666823	25.00815792519561
360	6.500046986100001	-1.8761204923666823	25.00815792519561
361	3.249861	-5.628924369537	27.61146842518693
362	6.499722	-5.628924369537	27.61146842518693
363	1.6249305	-2.8144621847685	27.61146842518693
364	4.874791500000001	-2.8144621847685	27.61146842518693
365	4.8751164861	-4.690582677135182	30.214778925198665
366	8.1249774861	-4.690582677135182	30.214778925198665
367	3.2501859861	-1.8761204923666823	30.214778925198665
368	6.500046986100001	-1.8761204923666823	30.214778925198665
369	4.8751164861	-4.690582677135182	23.01655249999132
370	8.1249774861	-4.690582677135182	23.01655249999132
371	3.2501859861	-1.8761204923666823	23.01655249999132
372	6.500046986100001	-1.8761204923666823	23.01655249999132
373	3.249861	-5.628924369537	25.619863000003054
374	6.499722	-5.628924369537	25.619863000003054
375	1.6249305	-2.8144621847685	25.619863000003054
376	4.874791500000001	-2.8144621847685	25.619863000003054
377	4.8751164861	-4.690582677135182	28.223173499994374
378	8.1249774861	-4.690582677135182	28.223173499994374
379	3.2501859861	-1.8761204923666823	28.223173499994374
380	6.500046986100001	-1.8761204923666823	28.223173499994374
381	3.249861	-5.628924369537	30.826484000006108
382	6.499722	-5.628924369537	30.826484000006108
383	1.6249305	-2.8144621847685	30.826484000006108
384	4.874791500000001	-2.8144621847685	30.826484000006108
385	0.0	0.0	-18.421636574816123
386	3.249861	0.0	-18.421636574816123
387	-1.6249305	2.8144621847685	-18.421636574816123
388	1.6249305	2.8144621847685	-18.421636574816123
389	1.6252554861	0.9383416924018178	-15.81832607480439
390	4.8751164861000005	0.9383416924018178	-15.81832607480439
391	0.00032498609999986883	3.7528038771703174	-15.81832607480439
392	3.2501859861000004	3.7528038771703174	-15.81832607480439
393	0.0	0.0	-13.21501557481307
394	3.249861	0.0	-13.21501557481307
395	-1.6249305	2.8144621847685	-13.21501557481307
396	1.6249305	2.8144621847685	-13.21501557481307
397	1.6252554861	0.9383416924018178	-10.611705074801336
398	4.8751164861000005	0.9383416924018178	-10.611705074801336
399	0.00032498609999986883	3.7528038771703174	-10.611705074801336
400	3.2501859861000004	3.7528038771703174	-10.611705074801336
401	1.6252554861	0.9383416924018178	-17.80993150000868
402	4.8751164861000005	0.9383416924018178	-17.80993150000868
403	0.00032498609999986883	3.7528038771703174	-17.80993150000868
404	3.2501859861000004	3.7528038771703174	-17.80993150000868
405	0.0	0.0	-15.206620999996947
406	3.249861	0.0	-15.206620999996947
407	-1.6249305	2.8144621847685	-15.206620999996947
408	1.6249305	2.8144621847685	-15.206620999996947
409	1.6252554861	0.9383416924018178	-12.603310500005627
410	4.8751164861000005	0.9383416924018178	-12.603310500005627
411	0.00032498609999986883	3.7528038771703174	-12.603310500005627
412	3.2501859861000004	3.7528038771703174	-12.603310500005627
413	0.0	0.0	-9.999999999993893
414	3.249861	0.0	-9.999999999993893
415	-1.6249305	2.8144621847685	-9.999999999993893
416	1.6249305	2.8144621847685	-9.999999999993893
417	0.0	0.0	1.9916054251838777
418	3.249861	0.0	1.9916054251838777
419	-1.6249305	2.8144621847685	1.9916054251838777
420	1.6249305	2.8144621847685	1.9916054251838777
421	1.6252554861	0.9383416924018178	4.594915925195611
422	4.8751164861000005	0.9383416924018178	4.594915925195611
423	0.00032498609999986883	3.7528038771703174	4.594915925195611
424	3.2501859861000004	3.7528038771703174	4.594915925195611
425	0.0	0.0	7.198226425186931
426	3.249861	0.0	7.198226425186931
427	-1.6249305	2.8144621847685	7.198226425186931
428	1.6249305	2.8144621847685	7.198226425186931
429	1.6252554861	0.9383416924018178	9.801536925198665
430	4.8751164861000005	0.9383416924018178	9.801536925198665
431	0.00032498609999986883	3.7528038771703174	9.801536925198665
432	3.2501859861000004	3.7528038771703174	9.801536925198665
433	1.6252554861	0.9383416924018178	2.6033104999913195
434	4.8751164861000005	0.9383416924018178	2.6033104999913195
435	0.00032498609999986883	3.7528038771703174	2.6033104999913195
436	3.2501859861000004	3.7528038771703174	2.6033104999913195
437	0.0	0.0	5.206621000003054
438	3.249861	0.0	5.206621000003054
439	-1.6249305	2.8144621847685	5.206621000003054
440	1.6249305	2.8144621847685	5.206621000003054
441	1.6252554861	0.9383416924018178	7.809931499994373
442	4.8751164861000005	0.9383416924018178	7.809931499994373
443	0.00032498609999986883	3.7528038771703174	7.809931499994373
444	3.2501859861000004	3.7528038771703174	7.809931499994373
445	0.0	0.0	10.413242000006107
446	3.249861	0.0	10.413242000006107
447	-1.6249305	2.8144621847685	10.413242000006107
448	1.6249305	2.8144621847685	10.413242000006107
449	0.0	0.0	22.404847425183878
450	3.249861	0.0	22.404847425183878
451	-1.6249305	2.8144621847685	22.404847425183878
452	1.6249305	2.8144621847685	22.404847425183878
453	1.6252554861	0.9383416924018178	25.00815792519561
454	4.8751164861000005	0.9383416924018178	25.00815792519561
455	0.00032498609999986883	3.7528038771703174	25.00815792519561
456	3.2501859861000004	3.7528038771703174	25.00815792519561
457	0.0	0.0	27.61146842518693
458	3.249861	0.0	27.61146842518693
459	-1.6249305	2.8144621847685	27.61146842518693
460	1.6249305	2.8144621847685	27.61146842518693
461	1.6252554861	0.9383416924018178	30.214778925198665
462	4.8751164861000005	0.9383416924018178	30.214778925198665
463	0.00032498609999986883	3.7528038771703174	30.214778925198665
464	3.2501859861000004	3.7528038771703174	30.214778925198665
465	1.6252554861	0.9383416924018178	23.01655249999132
466	4.8751164861000005	0.9383416924018178	23.01655249999132
467	0.00032498609999986883	3.7528038771703174	23.01655249999132
468	3.2501859861000004	3.7528038771703174	23.01655249999132
469	0.0	0.0	25.619863000003054
470	3.249861	0.0	25.619863000003054
471	-1.6249305	2.8144621847685	25.619863000003054
472	1.6249305	2.8144621847685	25.619863000003054
473	1.6252554861	0.9383416924018178	28.223173499994374
474	4.8751164861000005	0.9383416924018178	28.223173499994374
475	0.00032498609999986883	3.7528038771703174	28.223173499994374
476	3.2501859861000004	3.7528038771703174	28.223173499994374
477	0.0	0.0	30.826484000006108
478	3.249861	0.0	30.826484000006108
479	-1.6249305	2.8144621847685	30.826484000006108
480	1.6249305	2.8144621847685	30.826484000006108
481	-3.249861	5.628924369537	-18.421636574816123
482	0.0	5.628924369537	-18.421636574816123
483	-4.874791500000001	8.4433865543055	-18.421636574816123
484	-1.6249305	8.4433865543055	-18.421636574816123
485	-1.6246055139000002	6.567266061938818	-15.81832607480439
486	1.6252554861000004	6.567266061938818	-15.81832607480439
487	-3.2495360139000002	9.381728246707317	-15.81832607480439
488	0.0003249861000003129	9.381728246707317	-15.81832607480439
489	-3.249861	5.628924369537	-13.21501557481307
490	0.0	5.628924369537	-13.21501557481307
491	-4.874791500000001	8.4433865543055	-13.21501557481307
492	-1.6249305	8.4433865543055	-13.21501557481307
493	-1.6246055139000002	6.567266061938818	-10.611705074801336
494	1.6252554861000004	6.567266061938818	-10.611705074801336
495	-3.2495360139000002	9.381728246707317	-10.611705074801336
496	0.0003249861000003129	9.381728246707317	-10.611705074801336
497	-1.6246055139000002	6.567266061938818	-17.80993150000868
498	1.6252554861000004	6.567266061938818	-17.80993150000868
499	-3.2495360139000002	9.381728246707317	-17.80993150000868
500	0.0003249861000003129	9.381728246707317	-17.80993150000868
501	-3.249861	5.628924369537	-15.206620999996947
502	0.0	5.628924369537	-15.206620999996947
503	-4.874791500000001	8.4433865543055	-15.206620999996947
504	-1.6249305	8.4433865543055	-15.206620999996947
505	-1.6246055139000002	6.567266061938818	-12.603310500005627
506	1.6252554861000004	6.567266061938818	-12.603310500005627
507	-3.2495360139000002	9.381728246707317	-12.603310500005627
508	0.0003249861000003129	9.381728246707317	-12.603310500005627
509	-3.249861	5.628924369537	-9.999999999993893
510	0.0	5.628924369537	-9.999999999993893
511	-4.874791500000001	8.4433865543055	-9.999999999993893
512	-1.6249305	8.4433865543055	-9.999999999993893
513	-3.249861	5.628924369537	1.9916054251838777
514	0.0	5.628924369537	1.9916054251838777
515	-4.874791500000001	8.4433865543055	1.9916054251838777
516	-1.6249305	8.4433865543055	1.9916054251838777
517	-1.6246055139000002	6.567266061938818	4.594915925195611
518	1.6252554861000004	6.567266061938818	4.594915925195611
519	-3.2495360139000002	9.381728246707317	4.594915925195611
520	0.0003249861000003129	9.381728246707317	4.594915925195611
521	-3.249861	5.628924369537	7.198226425186931
522	0.0	5.628924369537	7.198226425186931
523	-4.874791500000001	8.4433865543055	7.198226425186931
524	-1.6249305	8.4433865543055	7.198226425186931
525	-1.6246055139000002	6.567266061938818	9.801536925198665
526	1.6252554861000004	6.567266061938818	9.801536925198665
527	-3.2495360139000002	9.381728246707317	9.801536925198665
528	0.0003249861000003129	9.381728246707317	9.801536925198665
529	-1.6246055139000002	6.567266061938818	2.6033104999913195
530	1.6252554861000004	6.567266061938818	2.6033104999913195
531	-3.2495360139000002	9.381728246707317	2.6033104999913195
532	0.0003249861000003129	9.381728246707317	2.6033104999913195
533	-3.249861	5.628924369537	5.206621000003054
534	0.0	5.628924369537	5.206621000003054
535	-4.874791500000001	8.4433865543055	5.206621000003054
536	-1.6249305	8.4433865543055	5.206621000003054
537	-1.6246055139000002	6.567266061938818	7.809931499994373
538	1.6252554861000004	6.567266061938818	7.809931499994373
539	-3.2495360139000002	9.381728246707317	7.809931499994373
540	0.0003249861000003129	9.381728246707317	7.809931499994373
541	-3.249861	5.628924369537	10.413242000006107
542	0.0	5.628924369537	10.413242000006107
543	-4.874791500000001	8.4433865543055	10.413242000006107
544	-1.6249305	8.4433865543055	10.413242000006107
545	-3.249861	5.628924369537	22.404847425183878
546	0.0	5.628924369537	22.404847425183878
547	-4.874791500000001	8.4433865543055	22.404847425183878
548	-1.6249305	8.4433865543055	22.404847425183878
549	-1.6246055139000002	6.567266061938818	25.00815792519561
550	1.6252554861000004	6.567266061938818	25.00815792519561
551	-3.2495360139000002	9.381728246707317	25.00815792519561
552	0.0003249861000003129	9.381728246707317	25.00815792519561
553	-3.249861	5.628924369537	27.61146842518693
554	0.0	5.628924369537	27.61146842518693
555	-4.874791500000001	8.4433865543055	27.61146842518693
556	-1.6249305	8.4433865543055	27.61146842518693
557	-1.6246055139000002	6.567266061938818	30.214778925198665
558	1.6252554861000004	6.567266061938818	30.214778925198665
559	-3.2495360139000002	9.381728246707317	30.214778925198665
560	0.0003249861000003129	9.381728246707317	30.214778925198665
561	-1.6246055139000002	6.567266061938818	23.01655249999132
562	1.6252554861000004	6.567266061938818	23.01655249999132
563	-3.2495360139000002	9.381728246707317	23.01655249999132
564	0.0003249861000003129	9.381728246707317	23.01655249999132
565	-3.249861	5.628924369537	25.619863000003054
566	0.0	5.628924369537	25.619863000003054
567	-4.874791500000001	8.4433865543055	25.619863000003054
568	-1.6249305	8.4433865543055	25.619863000003054
569	-1.6246055139000002	6.567266061938818	28.223173499994374
570	1.6252554861000004	6.567266061938818	28.223173499994374
571	-3.2495360139000002	9.381728246707317	28.223173499994374
572	0.0003249861000003129	9.381728246707317	28.223173499994374
573	-3.249861	5.628924369537	30.826484000006108
574	0.0	5.628924369537	30.826484000006108
575	-4.874791500000001	8.4433865543055	30.826484000006108
576	-1.6249305	8.4433865543055	30.826484000006108
577	9.749583000000001	-5.628924369537	-18.421636574816123
578	12.999444	-5.628924369537	-18.421636574816123
579	8.1246525	-2.8144621847685	-18.421636574816123
580	11.374513499999999	-2.8144621847685	-18.421636574816123
581	11.3748384861	-4.690582677135182	-15.81832607480439
582	14.624699486099999	-4.690582677135182	-15.81832607480439
583	9.7499079861	-1.8761204923666823	-15.81832607480439
584	12.999768986100001	-1.8761204923666823	-15.81832607480439
585	9.749583000000001	-5.628924369537	-13.21501557481307
586	12.999444	-5.628924369537	-13.21501557481307
587	8.1246525	-2.8144621847685	-13.21501557481307
588	11.374513499999999	-2.8144621847685	-13.21501557481307
589	11.3748384861	-4.690582677135182	-10.611705074801336
590	14.624699486099999	-4.690582677135182	-10.611705074801336
591	9.7499079861	-1.8761204923666823	-10.611705074801336
592	12.999768986100001	-1.8761204923666823	-10.611705074801336
593	11.3748384861	-4.690582677135182	-17.80993150000868
594	14.624699486099999	-4.690582677135182	-17.80993150000868
595	9.7499079861	-1.8761204923666823	-17.80993150000868
596	12.999768986100001	-1.8761204923666823	-17.80993150000868
597	9.749583000000001	-5.628924369537	-15.206620999996947
598	12.999444	-5.628924369537	-15.206620999996947
599	8.1246525	-2.8144621847685	-15.206620999996947
600	11.374513499999999	-2.8144621847685	-15.206620999996947
601	11.3748384861	-4.690582677135182	-12.603310500005627
602	14.624699486099999	-4.690582677135182	-12.603310500005627
603	9.7499079861	-1.8761204923666823	-12.603310500005627
604	12.999768986100001	-1.8761204923666823	-12.603310500005627
605	9.749583000000001	-5.628924369537	-9.999999999993893
606	12.999444	-5.628924369537	-9.999999999993893
607	8.1246525	-2.8144621847685	-9.999999999993893
608	11.374513499999999	-2.8144621847685	-9.999999999993893
609	9.749583000000001	-5.628924369537	1.9916054251838777
610	12.999444	-5.628924369537	1.9916054251838777
611	8.1246525	-2.8144621847685	1.9916054251838777
612	11.374513499999999	-2.8144621847685	1.9916054251838777
613	11.3748384861	-4.690582677135182	4.594915925195611
614	14.624699486099999	-4.690582677135182	4.594915925195611
615	9.7499079861	-1.8761204923666823	4.594915925195611
616	12.999768986100001	-1.8761204923666823	4.594915925195611
617	9.749583000000001	-5.628924369537	7.198226425186931
618	12.999444	-5.628924369537	7.198226425186931
619	8.1246525	-2.8144621847685	7.198226425186931
620	11.374513499999999	-2.8144621847685	7.198226425186931
621	11.3748384861	-4.690582677135182	9.801536925198665
622	14.624699486099999	-4.690582677135182	9.801536925198665
623	9.7499079861	-1.8761204923666823	9.801536925198665
624	12.999768986100001	-1.8761204923666823	9.801536925198665
625	11.3748384861	-4.690582677135182	2.6033104999913195
626	14.624699486099999	-4.690582677135182	2.6033104999913195
627	9.7499079861	-1.8761204923666823	2.6033104999913195
628	12.999768986100001	-1.8761204923666823	2.6033104999913195
629	9.749583000000001	-5.628924369537	5.206621000003054
630	12.999444	-5.628924369537	5.206621000003054
631	8.1246525	-2.8144621847685	5.206621000003054
632	11.374513499999999	-2.8144621847685	5.206621000003054
633	11.3748384861	-4.690582677135182	7.809931499994373
634	14.624699486099999	-4.690582677135182	7.809931499994373
635	9.7499079861	-1.8761204923666823	7.809931499994373
636	12.999768986100001	-1.8761204923666823	7.809931499994373
637	9.749583000000001	-5.628924369537	10.413242000006107
638	12.999444	-5.628924369537	10.413242000006107
639	8.1246525	-2.8144621847685	10.413242000006107
640	11.374513499999999	-2.8144621847685	10.413242000006107
641	9.749583000000001	-5.628924369537	22.404847425183878
642	12.999444	-5.628924369537	22.404847425183878
643	8.1246525	-2.8144621847685	22.404847425183878
644	11.374513499999999	-2.8144621847685	22.404847425183878
645	11.3748384861	-4.690582677135182	25.00815792519561
646	14.624699486099999	-4.690582677135182	25.00815792519561
647	9.7499079861	-1.8761204923666823	25.00815792519561
648	12.999768986100001	-1.8761204923666823	25.00815792519561
649	9.749583000000001	-5.628924369537	27.61146842518693
650	12.999444	-5.628924369537	27.61146842518693
651	8.1246525	-2.8144621847685	27.61146842518693
652	11.374513499999999	-2.8144621847685	27.61146842518693
653	11.3748384861	-4.690582677135182	30.214778925198665
654	14.624699486099999	-4.690582677135182	30.214778925198665
655	9.7499079861	-1.8761204923666823	30.214778925198665
656	12.999768986100001	-1.8761204923666823	30.214778925198665
657	11.3748384861	-4.690582677135182	23.01655249999132
658	14.624699486099999	-4.690582677135182	23.01655249999132
659	9.7499079861	-1.8761204923666823	23.01655249999132
660	12.999768986100001	-1.8761204923666823	23.01655249999132
661	9.749583000000001	-5.628924369537	25.619863000003054
662	12.999444	-5.628924369537	25.619863000003054
663	8.1246525	-2.8144621847685	25.619863000003054
664	11.374513499999999	-2.8144621847685	25.619863000003054
665	11.3748384861	-4.690582677135182	28.223173499994374
666	14.624699486099999	-4.690582677135182	28.223173499994374
667	9.7499079861	-1.8761204923666823	28.223173499994374
668	12.999768986100001	-1.8761204923666823	28.223173499994374
669	9.749583000000001	-5.628924369537	30.826484000006108
670	12.999444	-5.628924369537	30.826484000006108
671	8.1246525	-2.8144621847685	30.826484000006108
672	11.374513499999999	-2.8144621847685	30.826484000006108
673	6.499722	0.0	-18.421636574816123
674	9.749583000000001	0.0	-18.421636574816123
675	4.874791500000001	2.8144621847685	-18.421636574816123
676	8.1246525	2.8144621847685	-18.421636574816123
677	8.1249774861	0.9383416924018178	-15.81832607480439
678	11.3748384861	0.9383416924018178	-15.81832607480439
679	6.5000469861	3.7528038771703174	-15.81832607480439
680	9.7499079861	3.7528038771703174	-15.81832607480439
681	6.499722	0.0	-13.21501557481307
682	9.749583000000001	0.0	-13.21501557481307
683	4.874791500000001	2.8144621847685	-13.21501557481307
684	8.1246525	2.8144621847685	-13.21501557481307
685	8.1249774861	0.9383416924018178	-10.611705074801336
686	11.3748384861	0.9383416924018178	-10.611705074801336
687	6.5000469861	3.7528038771703174	-10.611705074801336
688	9.7499079861	3.7528038771703174	-10.611705074801336
689	8.1249774861	0.9383416924018178	-17.80993150000868
690	11.3748384861	0.9383416924018178	-17.80993150000868
691	6.5000469861	3.7528038771703174	-17.80993150000868
692	9.7499079861	3.7528038771703174	-17.80993150000868
693	6.499722	0.0	-15.206620999996947
694	9.749583000000001	0.0	-15.206620999996947
695	4.874791500000001	2.8144621847685	-15.206620999996947
696	8.1246525	2.8144621847685	-15.206620999996947
697	8.1249774861	0.9383416924018178	-12.603310500005627
698	11.3748384861	0.9383416924018178	-12.603310500005627
699	6.5000469861	3.7528038771703174	-12.603310500005627
700	9.7499079861	3.7528038771703174	-12.603310500005627
701	6.499722	0.0	-9.999999999993893
702	9.749583000000001	0.0	-9.999999999993893
703	4.874791500000001	2.8144621847685	-9.999999999993893
704	8.1246525	2.8144621847685	-9.999999999993893
705	6.499722	0.0	1.9916054251838777
706	9.749583000000001	0.0	1.9916054251838777
707	4.874791500000001	2.8144621847685	1.9916054251838777
708	8.1246525	2.8144621847685	1.9916054251838777
709	8.1249774861	0.9383416924018178	4.594915925195611
710	11.3748384861	0.9383416924018178	4.594915925195611
711	6.5000469861	3.7528038771703174	4.594915925195611
712	9.7499079861	3.7528038771703174	4.594915925195611
713	6.499722	0.0	7.198226425186931
714	9.749583000000001	0.0	7.198226425186931
715	4.874791500000001	2.8144621847685	7.198226425186931
716	8.1246525	2.8144621847685	7.198226425186931
717	8.1249774861	0.9383416924018178	9.801536925198665
718	11.3748384861	0.9383416924018178	9.801536925198665
719	6.5000469861	3.7528038771703174	9.801536925198665
720	9.7499079861	3.7528038771703174	9.801536925198665
721	8.1249774861	0.9383416924018178	2.6033104999913195
722	11.3748384861	0.9383416924018178	2.6033104999913195
723	6.5000469861	3.7528038771703174	2.6033104999913195
724	9.7499079861	3.7528038771703174	2.6033104999913195
725	6.499722	0.0	5.206621000003054
726	9.749583000000001	0.0	5.206621000003054
727	4.874791500000001	2.8144621847685	5.206621000003054
728	8.1246525	2.8144621847685	5.206621000003054
729	8.1249774861	0.9383416924018178	7.809931499994373
730	11.3748384861	0.9383416924018178	7.809931499994373
731	6.5000469861	3.7528038771703174	7.809931499994373
732	9.7499079861	3.7528038771703174	7.809931499994373
733	6.499722	0.0	10.413242000006107
734	9.749583000000001	0.0	10.413242000006107
735	4.874791500000001	2.8144621847685	10.413242000006107
736	8.1246525	2.8144621847685	10.413242000006107
737	6.499722	0.0	22.404847425183878
738	9.749583000000001	0.0	22.404847425183878
739	4.874791500000001	2.8144621847685	22.404847425183878
740	8.1246525	2.8144621847685	22.404847425183878
741	8.1249774861	0.9383416924018178	25.00815792519561
742	11.3748384861	0.9383416924018178	25.00815792519561
743	6.5000469861	3.7528038771703174	25.00815792519561
744	9.7499079861	3.7528038771703174	25.00815792519561
745	6.499722	0.0	27.61146842518693
746	9.749583000000001	0.0	27.61146842518693
747	4.874791500000001	2.8144621847685	27.61146842518693
748	8.1246525	2.8144621847685	27.61146842518693
749	8.1249774861	0.9383416924018178	30.214778925198665
750	11.3748384861	0.9383416924018178	30.214778925198665
751	6.5000469861	3.7528038771703174	30.214778925198665
752	9.7499079861	3.7528038771703174	30.214778925198665
753	8.1249774861	0.9383416924018178	23.01655249999132
754	11.3748384861	0.9383416924018178	23.01655249999132
755	6.5000469861	3.7528038771703174	23.01655249999132
756	9.7499079861	3.7528038771703174	23.01655249999132
757	6.499722	0.0	25.619863000003054
758	9.749583000000001	0.0	25.619863000003054
759	4.874791500000001	2.8144621847685	25.619863000003054
760	8.1246525	2.8144621847685	25.619863000003054
761	8.1249774861	0.9383416924018178	28.223173499994374
762	11.3748384861	0.9383416924018178	28.223173499994374
763	6.5000469861	3.7528038771703174	28.223173499994374
764	9.7499079861	3.7528038771703174	28.223173499994374
765	6.499722	0.0	30.826484000006108
766	9.749583000000001	0.0	30.826484000006108
767	4.874791500000001	2.8144621847685	30.826484000006108
768	8.1246525	2.8144621847685	30.826484000006108
769	3.249861	5.628924369537	-18.421636574816123
770	6.499722000000001	5.628924369537	-18.421636574816123
771	1.6249305000000005	8.4433865543055	-18.421636574816123
772	4.8747915	8.4433865543055	-18.421636574816123
773	4.8751164861000005	6.567266061938818	-15.81832607480439
774	8.1249774861	6.567266061938818	-15.81832607480439
775	3.2501859861	9.381728246707317	-15.81832607480439
776	6.5000469861	9.381728246707317	-15.81832607480439
777	3.249861	5.628924369537	-13.21501557481307
778	6.499722000000001	5.628924369537	-13.21501557481307
779	1.6249305000000005	8.4433865543055	-13.21501557481307
780	4.8747915	8.4433865543055	-13.21501557481307
781	4.8751164861000005	6.567266061938818	-10.611705074801336
782	8.1249774861	6.567266061938818	-10.611705074801336
783	3.2501859861	9.381728246707317	-10.611705074801336
784	6.5000469861	9.381728246707317	-10.611705074801336
785	4.8751164861000005	6.567266061938818	-17.80993150000868
786	8.1249774861	6.567266061938818	-17.80993150000868
787	3.2501859861	9.381728246707317	-17.80993150000868
788	6.5000469861	9.381728246707317	-17.80993150000868
789	3.249861	5.628924369537	-15.206620999996947
790	6.499722000000001	5.628924369537	-15.206620999996947
791	1.6249305000000005	8.4433865543055	-15.206620999996947
792	4.8747915	8.4433865543055	-15.206620999996947
793	4.8751164861000005	6.567266061938818	-12.603310500005627
794	8.1249774861	6.567266061938818	-12.603310500005627
795	3.2501859861	9.381728246707317	-12.603310500005627
796	6.5000469861	9.381728246707317	-12.603310500005627
797	3.249861	5.628924369537	-9.999999999993893
798	6.499722000000001	5.628924369537	-9.999999999993893
799	1.6249305000000005	8.4433865543055	-9.999999999993893
800	4.8747915	8.4433865543055	-9.999999999993893
801	3.249861	5.628924369537	1.9916054251838777
802	6.499722000000001	5.628924369537	1.9916054251838777
803	1.6249305000000005	8.4433865543055	1.9916054251838777
804	4.8747915	8.4433865543055	1.9916054251838777
805	4.8751164861000005	6.567266061938818	4.594915925195611
806	8.1249774861	6.567266061938818	4.594915925195611
807	3.2501859861	9.381728246707317	4.594915925195611
808	6.5000469861	9.381728246707317	4.594915925195611
809	3.249861	5.628924369537	7.198226425186931
810	6.499722000000001	5.628924369537	7.198226425186931
811	1.6249305000000005	8.4433865543055	7.198226425186931
812	4.8747915	8.4433865543055	7.198226425186931
813	4.8751164861000005	6.567266061938818	9.801536925198665
814	8.1249774861	6.567266061938818	9.801536925198665
815	3.2501859861	9.381728246707317	9.801536925198665
816	6.5000469861	9.381728246707317	9.801536925198665
817	4.8751164861000005	6.567266061938818	2.6033104999913195
818	8.1249774861	6.567266061938818	2.6033104999913195
819	3.2501859861	9.381728246707317	2.6033104999913195
820	6.5000469861	9.381728246707317	2.6033104999913195
821	3.249861	5.628924369537	5.206621000003054
822	6.499722000000001	5.628924369537	5.206621000003054
823	1.6249305000000005	8.4433865543055	5.206621000003054
824	4.8747915	8.4433865543055	5.206621000003054
825	4.8751164861000005	6.567266061938818	7.809931499994373
826	8.1249774861	6.567266061938818	7.809931499994373
827	3.2501859861	9.381728246707317	7.809931499994373
828	6.5000469861	9.381728246707317	7.809931499994373
829	3.249861	5.628924369537	10.413242000006107
830	6.499722000000001	5.628924369537	10.413242000006107
831	1.6249305000000005	8.4433865543055	10.413242000006107
832	4.8747915	8.4433865543055	10.413242000006107
833	3.249861	5.628924369537	22.404847425183878
834	6.499722000000001	5.628924369537	22.404847425183878
835	1.6249305000000005	8.4433865543055	22.404847425183878
836	4.8747915	8.4433865543055	22.404847425183878
837	4.8751164861000005	6.567266061938818	25.00815792519561
838	8.1249774861	6.567266061938818	25.00815792519561
839	3.2501859861	9.381728246707317	25.00815792519561
840	6.5000469861	9.381728246707317	25.00815792519561
841	3.249861	5.628924369537	27.61146842518693
842	6.499722000000001	5.628924369537	27.61146842518693
843	1.6249305000000005	8.4433865543055	27.61146842518693
844	4.8747915	8.4433865543055	27.61146842518693
845	4.8751164861000005	6.567266061938818	30.214778925198665
846	8.1249774861	6.567266061938818	30.214778925198665
847	3.2501859861	9.381728246707317	30.214778925198665
848	6.5000469861	9.381728246707317	30.214778925198665
849	4.8751164861000005	6.567266061938818	23.01655249999132
850	8.1249774861	6.567266061938818	23.01655249999132
851	3.2501859861	9.381728246707317	23.01655249999132
852	6.5000469861	9.381728246707317	23.01655249999132
853	3.249861	5.628924369537	25.619863000003054
854	6.499722000000001	5.628924369537	25.619863000003054
855	1.6249305000000005	8.4433865543055	25.619863000003054
856	4.8747915	8.4433865543055	25.619863000003054
857	4.8751164861000005	6.567266061938818	28.223173499994374
858	8.1249774861	6.567266061938818	28.223173499994374
859	3.2501859861	9.381728246707317	28.223173499994374
860	6.5000469861	9.381728246707317	28.223173499994374
861	3.249861	5.628924369537	30.826484000006108
862	6.499722000000001	5.628924369537	30.826484000006108
863	1.6249305000000005	8.4433865543055	30.826484000006108
864	4.8747915	8.4433865543055	30.826484000006108
