1	9.70018959	8.525150299	2.841721535
2	9.70018959	8.525150299	7.104301453
3	9.70018959	8.525150299	11.366882324
4	9.70018959	8.525150299	15.629462242
5	9.70018959	8.525150299	19.89204216
6	9.70018959	8.525150299	24.154623032
7	9.70018959	8.525150299	28.417203903
8	9.70018959	8.525150299	32.679782867
9	9.70018959	8.525150299	36.942363739
10	9.70018959	8.525150299	41.204940796
11	9.112668991	9.54276371	3.552148581
12	9.112668991	9.54276371	7.814729214
13	9.112668991	9.54276371	12.077308655
14	9.112668991	9.54276371	16.339889526
15	9.112668991	9.54276371	20.602468491
16	9.112668991	9.54276371	24.865049362
17	9.112668991	9.54276371	29.127630234
18	9.112668991	9.54276371	33.390209198
19	9.112668991	9.54276371	37.65279007
20	9.112668991	9.54276371	41.915370941
21	9.70018959	8.525150299	1.420858502
22	9.70018959	8.525150299	5.683438301
23	9.70018959	8.525150299	9.946019173
24	9.70018959	8.525150299	14.208599091
25	9.70018959	8.525150299	18.471179962
26	9.70018959	8.525150299	22.733758926
27	9.70018959	8.525150299	26.996339798
28	9.70018959	8.525150299	31.258918762
29	9.70018959	8.525150299	35.521499634
30	9.70018959	8.525150299	39.784080505
31	7.937630653	9.54276371	2.841721535
32	7.937630653	9.54276371	7.104301453
33	7.937630653	9.54276371	11.366882324
34	7.937630653	9.54276371	15.629462242
35	7.937630653	9.54276371	19.89204216
36	7.937630653	9.54276371	24.154623032
37	7.937630653	9.54276371	28.417203903
38	7.937630653	9.54276371	32.679782867
39	7.937630653	9.54276371	36.942363739
40	7.937630653	9.54276371	41.204940796
41	7.350111961	8.525150299	3.552148581
42	7.350111961	8.525150299	7.814729214
43	7.350111961	8.525150299	12.077308655
44	7.350111961	8.525150299	16.339889526
45	7.350111961	8.525150299	20.602468491
46	7.350111961	8.525150299	24.865049362
47	7.350111961	8.525150299	29.127630234
48	7.350111961	8.525150299	33.390209198
49	7.350111961	8.525150299	37.65279007
50	7.350111961	8.525150299	41.915370941
51	9.112668991	9.54276371	0.710431397
52	9.112668991	9.54276371	4.973011971
53	9.112668991	9.54276371	9.235591888
54	9.112668991	9.54276371	13.49817276
55	9.112668991	9.54276371	17.760751724
56	9.112668991	9.54276371	22.023332596
57	9.112668991	9.54276371	26.285913467
58	9.112668991	9.54276371	30.548492432
59	9.112668991	9.54276371	34.811073303
60	9.112668991	9.54276371	39.07365036
61	7.937630653	9.54276371	1.420858502
62	7.937630653	9.54276371	5.683438301
63	7.937630653	9.54276371	9.946019173
64	7.937630653	9.54276371	14.208599091
65	7.937630653	9.54276371	18.471179962
66	7.937630653	9.54276371	22.733758926
67	7.937630653	9.54276371	26.996339798
68	7.937630653	9.54276371	31.258918762
69	7.937630653	9.54276371	35.521499634
70	7.937630653	9.54276371	39.784080505
71	7.937630653	7.507537365	2.841721535
72	7.937630653	7.507537365	7.104301453
73	7.937630653	7.507537365	11.366882324
74	7.937630653	7.507537365	15.629462242
75	7.937630653	7.507537365	19.89204216
76	7.937630653	7.507537365	24.154623032
77	7.937630653	7.507537365	28.417203903
78	7.937630653	7.507537365	32.679782867
79	7.937630653	7.507537365	36.942363739
80	7.937630653	7.507537365	41.204940796
81	9.112668991	7.507537365	3.552148581
82	9.112668991	7.507537365	7.814729214
83	9.112668991	7.507537365	12.077308655
84	9.112668991	7.507537365	16.339889526
85	9.112668991	7.507537365	20.602468491
86	9.112668991	7.507537365	24.865049362
87	9.112668991	7.507537365	29.127630234
88	9.112668991	7.507537365	33.390209198
89	9.112668991	7.507537365	37.65279007
90	9.112668991	7.507537365	41.915370941
91	7.350111961	8.525150299	0.710431397
92	7.350111961	8.525150299	4.973011971
93	7.350111961	8.525150299	9.235591888
94	7.350111961	8.525150299	13.49817276
95	7.350111961	8.525150299	17.760751724
96	7.350111961	8.525150299	22.023332596
97	7.350111961	8.525150299	26.285913467
98	7.350111961	8.525150299	30.548492432
99	7.350111961	8.525150299	34.811073303
100	7.350111961	8.525150299	39.07365036
101	7.937630653	7.507537365	1.420858502
102	7.937630653	7.507537365	5.683438301
103	7.937630653	7.507537365	9.946019173
104	7.937630653	7.507537365	14.208599091
105	7.937630653	7.507537365	18.471179962
106	7.937630653	7.507537365	22.733758926
107	7.937630653	7.507537365	26.996339798
108	7.937630653	7.507537365	31.258918762
109	7.937630653	7.507537365	35.521499634
110	7.937630653	7.507537365	39.784080505
111	9.112668991	7.507537365	0.710431397
112	9.112668991	7.507537365	4.973011971
113	9.112668991	7.507537365	9.235591888
114	9.112668991	7.507537365	13.49817276
115	9.112668991	7.507537365	17.760751724
116	9.112668991	7.507537365	22.023332596
117	9.112668991	7.507537365	26.285913467
118	9.112668991	7.507537365	30.548492432
119	9.112668991	7.507537365	34.811073303
120	9.112668991	7.507537365	39.07365036
121	10.875244141	8.525150299	2.841721535
122	10.875244141	8.525150299	7.104301453
123	10.875244141	8.525150299	11.366882324
124	10.875244141	8.525150299	15.629462242
125	10.875244141	8.525150299	19.89204216
126	10.875244141	8.525150299	24.154623032
127	10.875244141	8.525150299	28.417203903
128	10.875244141	8.525150299	32.679782867
129	10.875244141	8.525150299	36.942363739
130	10.875244141	8.525150299	41.204940796
131	10.560393333	9.70018959	3.552148581
132	10.560393333	9.70018959	7.814729214
133	10.560393333	9.70018959	12.077308655
134	10.560393333	9.70018959	16.339889526
135	10.560393333	9.70018959	20.602468491
136	10.560393333	9.70018959	24.865049362
137	10.560393333	9.70018959	29.127630234
138	10.560393333	9.70018959	33.390209198
139	10.560393333	9.70018959	37.65279007
140	10.560393333	9.70018959	41.915370941
141	10.875244141	8.525150299	1.420858502
142	10.875244141	8.525150299	5.683438301
143	10.875244141	8.525150299	9.946019173
144	10.875244141	8.525150299	14.208599091
145	10.875244141	8.525150299	18.471179962
146	10.875244141	8.525150299	22.733758926
147	10.875244141	8.525150299	26.996339798
148	10.875244141	8.525150299	31.258918762
149	10.875244141	8.525150299	35.521499634
150	10.875244141	8.525150299	39.784080505
151	9.70018959	10.560393333	2.841721535
152	9.70018959	10.560393333	7.104301453
153	9.70018959	10.560393333	11.366882324
154	9.70018959	10.560393333	15.629462242
155	9.70018959	10.560393333	19.89204216
156	9.70018959	10.560393333	24.154623032
157	9.70018959	10.560393333	28.417203903
158	9.70018959	10.560393333	32.679782867
159	9.70018959	10.560393333	36.942363739
160	9.70018959	10.560393333	41.204940796
161	8.525150299	10.875244141	3.552148581
162	8.525150299	10.875244141	7.814729214
163	8.525150299	10.875244141	12.077308655
164	8.525150299	10.875244141	16.339889526
165	8.525150299	10.875244141	20.602468491
166	8.525150299	10.875244141	24.865049362
167	8.525150299	10.875244141	29.127630234
168	8.525150299	10.875244141	33.390209198
169	8.525150299	10.875244141	37.65279007
170	8.525150299	10.875244141	41.915370941
171	10.560393333	9.70018959	0.710431397
172	10.560393333	9.70018959	4.973011971
173	10.560393333	9.70018959	9.235591888
174	10.560393333	9.70018959	13.49817276
175	10.560393333	9.70018959	17.760751724
176	10.560393333	9.70018959	22.023332596
177	10.560393333	9.70018959	26.285913467
178	10.560393333	9.70018959	30.548492432
179	10.560393333	9.70018959	34.811073303
180	10.560393333	9.70018959	39.07365036
181	9.70018959	10.560393333	1.420858502
182	9.70018959	10.560393333	5.683438301
183	9.70018959	10.560393333	9.946019173
184	9.70018959	10.560393333	14.208599091
185	9.70018959	10.560393333	18.471179962
186	9.70018959	10.560393333	22.733758926
187	9.70018959	10.560393333	26.996339798
188	9.70018959	10.560393333	31.258918762
189	9.70018959	10.560393333	35.521499634
190	9.70018959	10.560393333	39.784080505
191	7.350111961	10.560393333	2.841721535
192	7.350111961	10.560393333	7.104301453
193	7.350111961	10.560393333	11.366882324
194	7.350111961	10.560393333	15.629462242
195	7.350111961	10.560393333	19.89204216
196	7.350111961	10.560393333	24.154623032
197	7.350111961	10.560393333	28.417203903
198	7.350111961	10.560393333	32.679782867
199	7.350111961	10.560393333	36.942363739
200	7.350111961	10.560393333	41.204940796
201	6.489906788	9.70018959	3.552148581
202	6.489906788	9.70018959	7.814729214
203	6.489906788	9.70018959	12.077308655
204	6.489906788	9.70018959	16.339889526
205	6.489906788	9.70018959	20.602468491
206	6.489906788	9.70018959	24.865049362
207	6.489906788	9.70018959	29.127630234
208	6.489906788	9.70018959	33.390209198
209	6.489906788	9.70018959	37.65279007
210	6.489906788	9.70018959	41.915370941
211	8.525150299	10.875244141	0.710431397
212	8.525150299	10.875244141	4.973011971
213	8.525150299	10.875244141	9.235591888
214	8.525150299	10.875244141	13.49817276
215	8.525150299	10.875244141	17.760751724
216	8.525150299	10.875244141	22.023332596
217	8.525150299	10.875244141	26.285913467
218	8.525150299	10.875244141	30.548492432
219	8.525150299	10.875244141	34.811073303
220	8.525150299	10.875244141	39.07365036
221	7.350111961	10.560393333	1.420858502
222	7.350111961	10.560393333	5.683438301
223	7.350111961	10.560393333	9.946019173
224	7.350111961	10.560393333	14.208599091
225	7.350111961	10.560393333	18.471179962
226	7.350111961	10.560393333	22.733758926
227	7.350111961	10.560393333	26.996339798
228	7.350111961	10.560393333	31.258918762
229	7.350111961	10.560393333	35.521499634
230	7.350111961	10.560393333	39.784080505
231	6.175056458	8.525150299	2.841721535
232	6.175056458	8.525150299	7.104301453
233	6.175056458	8.525150299	11.366882324
234	6.175056458	8.525150299	15.629462242
235	6.175056458	8.525150299	19.89204216
236	6.175056458	8.525150299	24.154623032
237	6.175056458	8.525150299	28.417203903
238	6.175056458	8.525150299	32.679782867
239	6.175056458	8.525150299	36.942363739
240	6.175056458	8.525150299	41.204940796
241	6.489906788	7.350111961	3.552148581
242	6.489906788	7.350111961	7.814729214
243	6.489906788	7.350111961	12.077308655
244	6.489906788	7.350111961	16.339889526
245	6.489906788	7.350111961	20.602468491
246	6.489906788	7.350111961	24.865049362
247	6.489906788	7.350111961	29.127630234
248	6.489906788	7.350111961	33.390209198
249	6.489906788	7.350111961	37.65279007
250	6.489906788	7.350111961	41.915370941
251	6.489906788	9.70018959	0.710431397
252	6.489906788	9.70018959	4.973011971
253	6.489906788	9.70018959	9.235591888
254	6.489906788	9.70018959	13.49817276
255	6.489906788	9.70018959	17.760751724
256	6.489906788	9.70018959	22.023332596
257	6.489906788	9.70018959	26.285913467
258	6.489906788	9.70018959	30.548492432
259	6.489906788	9.70018959	34.811073303
260	6.489906788	9.70018959	39.07365036
261	6.175056458	8.525150299	1.420858502
262	6.175056458	8.525150299	5.683438301
263	6.175056458	8.525150299	9.946019173
264	6.175056458	8.525150299	14.208599091
265	6.175056458	8.525150299	18.471179962
266	6.175056458	8.525150299	22.733758926
267	6.175056458	8.525150299	26.996339798
268	6.175056458	8.525150299	31.258918762
269	6.175056458	8.525150299	35.521499634
270	6.175056458	8.525150299	39.784080505
271	7.350111961	6.489906788	2.841721535
272	7.350111961	6.489906788	7.104301453
273	7.350111961	6.489906788	11.366882324
274	7.350111961	6.489906788	15.629462242
275	7.350111961	6.489906788	19.89204216
276	7.350111961	6.489906788	24.154623032
277	7.350111961	6.489906788	28.417203903
278	7.350111961	6.489906788	32.679782867
279	7.350111961	6.489906788	36.942363739
280	7.350111961	6.489906788	41.204940796
281	8.525150299	6.175056458	3.552148581
282	8.525150299	6.175056458	7.814729214
283	8.525150299	6.175056458	12.077308655
284	8.525150299	6.175056458	16.339889526
285	8.525150299	6.175056458	20.602468491
286	8.525150299	6.175056458	24.865049362
287	8.525150299	6.175056458	29.127630234
288	8.525150299	6.175056458	33.390209198
289	8.525150299	6.175056458	37.65279007
290	8.525150299	6.175056458	41.915370941
291	6.489906788	7.350111961	0.710431397
292	6.489906788	7.350111961	4.973011971
293	6.489906788	7.350111961	9.235591888
294	6.489906788	7.350111961	13.49817276
295	6.489906788	7.350111961	17.760751724
296	6.489906788	7.350111961	22.023332596
297	6.489906788	7.350111961	26.285913467
298	6.489906788	7.350111961	30.548492432
299	6.489906788	7.350111961	34.811073303
300	6.489906788	7.350111961	39.07365036
301	7.350111961	6.489906788	1.420858502
302	7.350111961	6.489906788	5.683438301
303	7.350111961	6.489906788	9.946019173
304	7.350111961	6.489906788	14.208599091
305	7.350111961	6.489906788	18.471179962
306	7.350111961	6.489906788	22.733758926
307	7.350111961	6.489906788	26.996339798
308	7.350111961	6.489906788	31.258918762
309	7.350111961	6.489906788	35.521499634
310	7.350111961	6.489906788	39.784080505
311	9.70018959	6.489906788	2.841721535
312	9.70018959	6.489906788	7.104301453
313	9.70018959	6.489906788	11.366882324
314	9.70018959	6.489906788	15.629462242
315	9.70018959	6.489906788	19.89204216
316	9.70018959	6.489906788	24.154623032
317	9.70018959	6.489906788	28.417203903
318	9.70018959	6.489906788	32.679782867
319	9.70018959	6.489906788	36.942363739
320	9.70018959	6.489906788	41.204940796
321	10.560393333	7.350111961	3.552148581
322	10.560393333	7.350111961	7.814729214
323	10.560393333	7.350111961	12.077308655
324	10.560393333	7.350111961	16.339889526
325	10.560393333	7.350111961	20.602468491
326	10.560393333	7.350111961	24.865049362
327	10.560393333	7.350111961	29.127630234
328	10.560393333	7.350111961	33.390209198
329	10.560393333	7.350111961	37.65279007
330	10.560393333	7.350111961	41.915370941
331	8.525150299	6.175056458	0.710431397
332	8.525150299	6.175056458	4.973011971
333	8.525150299	6.175056458	9.235591888
334	8.525150299	6.175056458	13.49817276
335	8.525150299	6.175056458	17.760751724
336	8.525150299	6.175056458	22.023332596
337	8.525150299	6.175056458	26.285913467
338	8.525150299	6.175056458	30.548492432
339	8.525150299	6.175056458	34.811073303
340	8.525150299	6.175056458	39.07365036
341	9.70018959	6.489906788	1.420858502
342	9.70018959	6.489906788	5.683438301
343	9.70018959	6.489906788	9.946019173
344	9.70018959	6.489906788	14.208599091
345	9.70018959	6.489906788	18.471179962
346	9.70018959	6.489906788	22.733758926
347	9.70018959	6.489906788	26.996339798
348	9.70018959	6.489906788	31.258918762
349	9.70018959	6.489906788	35.521499634
350	9.70018959	6.489906788	39.784080505
351	10.560393333	7.350111961	0.710431397
352	10.560393333	7.350111961	4.973011971
353	10.560393333	7.350111961	9.235591888
354	10.560393333	7.350111961	13.49817276
355	10.560393333	7.350111961	17.760751724
356	10.560393333	7.350111961	22.023332596
357	10.560393333	7.350111961	26.285913467
358	10.560393333	7.350111961	30.548492432
359	10.560393333	7.350111961	34.811073303
360	10.560393333	7.350111961	39.07365036
361	12.050283432	8.525150299	2.841721535
362	12.050283432	8.525150299	7.104301453
363	12.050283432	8.525150299	11.366882324
364	12.050283432	8.525150299	15.629462242
365	12.050283432	8.525150299	19.89204216
366	12.050283432	8.525150299	24.154623032
367	12.050283432	8.525150299	28.417203903
368	12.050283432	8.525150299	32.679782867
369	12.050283432	8.525150299	36.942363739
370	12.050283432	8.525150299	41.204940796
371	11.83769989	9.730811119	3.552148581
372	11.83769989	9.730811119	7.814729214
373	11.83769989	9.730811119	12.077308655
374	11.83769989	9.730811119	16.339889526
375	11.83769989	9.730811119	20.602468491
376	11.83769989	9.730811119	24.865049362
377	11.83769989	9.730811119	29.127630234
378	11.83769989	9.730811119	33.390209198
379	11.83769989	9.730811119	37.65279007
380	11.83769989	9.730811119	41.915370941
381	12.050283432	8.525150299	1.420858502
382	12.050283432	8.525150299	5.683438301
383	12.050283432	8.525150299	9.946019173
384	12.050283432	8.525150299	14.208599091
385	12.050283432	8.525150299	18.471179962
386	12.050283432	8.525150299	22.733758926
387	12.050283432	8.525150299	26.996339798
388	12.050283432	8.525150299	31.258918762
389	12.050283432	8.525150299	35.521499634
390	12.050283432	8.525150299	39.784080505
391	11.225560188	10.791067123	2.841721535
392	11.225560188	10.791067123	7.104301453
393	11.225560188	10.791067123	11.366882324
394	11.225560188	10.791067123	15.629462242
395	11.225560188	10.791067123	19.89204216
396	11.225560188	10.791067123	24.154623032
397	11.225560188	10.791067123	28.417203903
398	11.225560188	10.791067123	32.679782867
399	11.225560188	10.791067123	36.942363739
400	11.225560188	10.791067123	41.204940796
401	10.287725449	11.578006744	3.552148581
402	10.287725449	11.578006744	7.814729214
403	10.287725449	11.578006744	12.077308655
404	10.287725449	11.578006744	16.339889526
405	10.287725449	11.578006744	20.602468491
406	10.287725449	11.578006744	24.865049362
407	10.287725449	11.578006744	29.127630234
408	10.287725449	11.578006744	33.390209198
409	10.287725449	11.578006744	37.65279007
410	10.287725449	11.578006744	41.915370941
411	11.83769989	9.730811119	0.710431397
412	11.83769989	9.730811119	4.973011971
413	11.83769989	9.730811119	9.235591888
414	11.83769989	9.730811119	13.49817276
415	11.83769989	9.730811119	17.760751724
416	11.83769989	9.730811119	22.023332596
417	11.83769989	9.730811119	26.285913467
418	11.83769989	9.730811119	30.548492432
419	11.83769989	9.730811119	34.811073303
420	11.83769989	9.730811119	39.07365036
421	11.225560188	10.791067123	1.420858502
422	11.225560188	10.791067123	5.683438301
423	11.225560188	10.791067123	9.946019173
424	11.225560188	10.791067123	14.208599091
425	11.225560188	10.791067123	18.471179962
426	11.225560188	10.791067123	22.733758926
427	11.225560188	10.791067123	26.996339798
428	11.225560188	10.791067123	31.258918762
429	11.225560188	10.791067123	35.521499634
430	11.225560188	10.791067123	39.784080505
431	9.137290955	11.996727943	2.841721535
432	9.137290955	11.996727943	7.104301453
433	9.137290955	11.996727943	11.366882324
434	9.137290955	11.996727943	15.629462242
435	9.137290955	11.996727943	19.89204216
436	9.137290955	11.996727943	24.154623032
437	9.137290955	11.996727943	28.417203903
438	9.137290955	11.996727943	32.679782867
439	9.137290955	11.996727943	36.942363739
440	9.137290955	11.996727943	41.204940796
441	7.913010597	11.996727943	3.552148581
442	7.913010597	11.996727943	7.814729214
443	7.913010597	11.996727943	12.077308655
444	7.913010597	11.996727943	16.339889526
445	7.913010597	11.996727943	20.602468491
446	7.913010597	11.996727943	24.865049362
447	7.913010597	11.996727943	29.127630234
448	7.913010597	11.996727943	33.390209198
449	7.913010597	11.996727943	37.65279007
450	7.913010597	11.996727943	41.915370941
451	10.287725449	11.578006744	0.710431397
452	10.287725449	11.578006744	4.973011971
453	10.287725449	11.578006744	9.235591888
454	10.287725449	11.578006744	13.49817276
455	10.287725449	11.578006744	17.760751724
456	10.287725449	11.578006744	22.023332596
457	10.287725449	11.578006744	26.285913467
458	10.287725449	11.578006744	30.548492432
459	10.287725449	11.578006744	34.811073303
460	10.287725449	11.578006744	39.07365036
461	9.137290955	11.996727943	1.420858502
462	9.137290955	11.996727943	5.683438301
463	9.137290955	11.996727943	9.946019173
464	9.137290955	11.996727943	14.208599091
465	9.137290955	11.996727943	18.471179962
466	9.137290955	11.996727943	22.733758926
467	9.137290955	11.996727943	26.996339798
468	9.137290955	11.996727943	31.258918762
469	9.137290955	11.996727943	35.521499634
470	9.137290955	11.996727943	39.784080505
471	6.762575626	11.578006744	2.841721535
472	6.762575626	11.578006744	7.104301453
473	6.762575626	11.578006744	11.366882324
474	6.762575626	11.578006744	15.629462242
475	6.762575626	11.578006744	19.89204216
476	6.762575626	11.578006744	24.154623032
477	6.762575626	11.578006744	28.417203903
478	6.762575626	11.578006744	32.679782867
479	6.762575626	11.578006744	36.942363739
480	6.762575626	11.578006744	41.204940796
481	5.824740887	10.791067123	3.552148581
482	5.824740887	10.791067123	7.814729214
483	5.824740887	10.791067123	12.077308655
484	5.824740887	10.791067123	16.339889526
485	5.824740887	10.791067123	20.602468491
486	5.824740887	10.791067123	24.865049362
487	5.824740887	10.791067123	29.127630234
488	5.824740887	10.791067123	33.390209198
489	5.824740887	10.791067123	37.65279007
490	5.824740887	10.791067123	41.915370941
491	7.913010597	11.996727943	0.710431397
492	7.913010597	11.996727943	4.973011971
493	7.913010597	11.996727943	9.235591888
494	7.913010597	11.996727943	13.49817276
495	7.913010597	11.996727943	17.760751724
496	7.913010597	11.996727943	22.023332596
497	7.913010597	11.996727943	26.285913467
498	7.913010597	11.996727943	30.548492432
499	7.913010597	11.996727943	34.811073303
500	7.913010597	11.996727943	39.07365036
501	6.762575626	11.578006744	1.420858502
502	6.762575626	11.578006744	5.683438301
503	6.762575626	11.578006744	9.946019173
504	6.762575626	11.578006744	14.208599091
505	6.762575626	11.578006744	18.471179962
506	6.762575626	11.578006744	22.733758926
507	6.762575626	11.578006744	26.996339798
508	6.762575626	11.578006744	31.258918762
509	6.762575626	11.578006744	35.521499634
510	6.762575626	11.578006744	39.784080505
511	5.212600708	9.730811119	2.841721535
512	5.212600708	9.730811119	7.104301453
513	5.212600708	9.730811119	11.366882324
514	5.212600708	9.730811119	15.629462242
515	5.212600708	9.730811119	19.89204216
516	5.212600708	9.730811119	24.154623032
517	5.212600708	9.730811119	28.417203903
518	5.212600708	9.730811119	32.679782867
519	5.212600708	9.730811119	36.942363739
520	5.212600708	9.730811119	41.204940796
521	5.000017643	8.525150299	3.552148581
522	5.000017643	8.525150299	7.814729214
523	5.000017643	8.525150299	12.077308655
524	5.000017643	8.525150299	16.339889526
525	5.000017643	8.525150299	20.602468491
526	5.000017643	8.525150299	24.865049362
527	5.000017643	8.525150299	29.127630234
528	5.000017643	8.525150299	33.390209198
529	5.000017643	8.525150299	37.65279007
530	5.000017643	8.525150299	41.915370941
531	5.824740887	10.791067123	0.710431397
532	5.824740887	10.791067123	4.973011971
533	5.824740887	10.791067123	9.235591888
534	5.824740887	10.791067123	13.49817276
535	5.824740887	10.791067123	17.760751724
536	5.824740887	10.791067123	22.023332596
537	5.824740887	10.791067123	26.285913467
538	5.824740887	10.791067123	30.548492432
539	5.824740887	10.791067123	34.811073303
540	5.824740887	10.791067123	39.07365036
541	5.212600708	9.730811119	1.420858502
542	5.212600708	9.730811119	5.683438301
543	5.212600708	9.730811119	9.946019173
544	5.212600708	9.730811119	14.208599091
545	5.212600708	9.730811119	18.471179962
546	5.212600708	9.730811119	22.733758926
547	5.212600708	9.730811119	26.996339798
548	5.212600708	9.730811119	31.258918762
549	5.212600708	9.730811119	35.521499634
550	5.212600708	9.730811119	39.784080505
551	5.212600708	7.319489479	2.841721535
552	5.212600708	7.319489479	7.104301453
553	5.212600708	7.319489479	11.366882324
554	5.212600708	7.319489479	15.629462242
555	5.212600708	7.319489479	19.89204216
556	5.212600708	7.319489479	24.154623032
557	5.212600708	7.319489479	28.417203903
558	5.212600708	7.319489479	32.679782867
559	5.212600708	7.319489479	36.942363739
560	5.212600708	7.319489479	41.204940796
561	5.824740887	6.259233475	3.552148581
562	5.824740887	6.259233475	7.814729214
563	5.824740887	6.259233475	12.077308655
564	5.824740887	6.259233475	16.339889526
565	5.824740887	6.259233475	20.602468491
566	5.824740887	6.259233475	24.865049362
567	5.824740887	6.259233475	29.127630234
568	5.824740887	6.259233475	33.390209198
569	5.824740887	6.259233475	37.65279007
570	5.824740887	6.259233475	41.915370941
571	5.000017643	8.525150299	0.710431397
572	5.000017643	8.525150299	4.973011971
573	5.000017643	8.525150299	9.235591888
574	5.000017643	8.525150299	13.49817276
575	5.000017643	8.525150299	17.760751724
576	5.000017643	8.525150299	22.023332596
577	5.000017643	8.525150299	26.285913467
578	5.000017643	8.525150299	30.548492432
579	5.000017643	8.525150299	34.811073303
580	5.000017643	8.525150299	39.07365036
581	5.212600708	7.319489479	1.420858502
582	5.212600708	7.319489479	5.683438301
583	5.212600708	7.319489479	9.946019173
584	5.212600708	7.319489479	14.208599091
585	5.212600708	7.319489479	18.471179962
586	5.212600708	7.319489479	22.733758926
587	5.212600708	7.319489479	26.996339798
588	5.212600708	7.319489479	31.258918762
589	5.212600708	7.319489479	35.521499634
590	5.212600708	7.319489479	39.784080505
591	6.762575626	5.472293854	2.841721535
592	6.762575626	5.472293854	7.104301453
593	6.762575626	5.472293854	11.366882324
594	6.762575626	5.472293854	15.629462242
595	6.762575626	5.472293854	19.89204216
596	6.762575626	5.472293854	24.154623032
597	6.762575626	5.472293854	28.417203903
598	6.762575626	5.472293854	32.679782867
599	6.762575626	5.472293854	36.942363739
600	6.762575626	5.472293854	41.204940796
601	7.913010597	5.053572655	3.552148581
602	7.913010597	5.053572655	7.814729214
603	7.913010597	5.053572655	12.077308655
604	7.913010597	5.053572655	16.339889526
605	7.913010597	5.053572655	20.602468491
606	7.913010597	5.053572655	24.865049362
607	7.913010597	5.053572655	29.127630234
608	7.913010597	5.053572655	33.390209198
609	7.913010597	5.053572655	37.65279007
610	7.913010597	5.053572655	41.915370941
611	5.824740887	6.259233475	0.710431397
612	5.824740887	6.259233475	4.973011971
613	5.824740887	6.259233475	9.235591888
614	5.824740887	6.259233475	13.49817276
615	5.824740887	6.259233475	17.760751724
616	5.824740887	6.259233475	22.023332596
617	5.824740887	6.259233475	26.285913467
618	5.824740887	6.259233475	30.548492432
619	5.824740887	6.259233475	34.811073303
620	5.824740887	6.259233475	39.07365036
621	6.762575626	5.472293854	1.420858502
622	6.762575626	5.472293854	5.683438301
623	6.762575626	5.472293854	9.946019173
624	6.762575626	5.472293854	14.208599091
625	6.762575626	5.472293854	18.471179962
626	6.762575626	5.472293854	22.733758926
627	6.762575626	5.472293854	26.996339798
628	6.762575626	5.472293854	31.258918762
629	6.762575626	5.472293854	35.521499634
630	6.762575626	5.472293854	39.784080505
631	9.137290955	5.053572655	2.841721535
632	9.137290955	5.053572655	7.104301453
633	9.137290955	5.053572655	11.366882324
634	9.137290955	5.053572655	15.629462242
635	9.137290955	5.053572655	19.89204216
636	9.137290955	5.053572655	24.154623032
637	9.137290955	5.053572655	28.417203903
638	9.137290955	5.053572655	32.679782867
639	9.137290955	5.053572655	36.942363739
640	9.137290955	5.053572655	41.204940796
641	10.287725449	5.472293854	3.552148581
642	10.287725449	5.472293854	7.814729214
643	10.287725449	5.472293854	12.077308655
644	10.287725449	5.472293854	16.339889526
645	10.287725449	5.472293854	20.602468491
646	10.287725449	5.472293854	24.865049362
647	10.287725449	5.472293854	29.127630234
648	10.287725449	5.472293854	33.390209198
649	10.287725449	5.472293854	37.65279007
650	10.287725449	5.472293854	41.915370941
651	7.913010597	5.053572655	0.710431397
652	7.913010597	5.053572655	4.973011971
653	7.913010597	5.053572655	9.235591888
654	7.913010597	5.053572655	13.49817276
655	7.913010597	5.053572655	17.760751724
656	7.913010597	5.053572655	22.023332596
657	7.913010597	5.053572655	26.285913467
658	7.913010597	5.053572655	30.548492432
659	7.913010597	5.053572655	34.811073303
660	7.913010597	5.053572655	39.07365036
661	9.137290955	5.053572655	1.420858502
662	9.137290955	5.053572655	5.683438301
663	9.137290955	5.053572655	9.946019173
664	9.137290955	5.053572655	14.208599091
665	9.137290955	5.053572655	18.471179962
666	9.137290955	5.053572655	22.733758926
667	9.137290955	5.053572655	26.996339798
668	9.137290955	5.053572655	31.258918762
669	9.137290955	5.053572655	35.521499634
670	9.137290955	5.053572655	39.784080505
671	11.225560188	6.259233475	2.841721535
672	11.225560188	6.259233475	7.104301453
673	11.225560188	6.259233475	11.366882324
674	11.225560188	6.259233475	15.629462242
675	11.225560188	6.259233475	19.89204216
676	11.225560188	6.259233475	24.154623032
677	11.225560188	6.259233475	28.417203903
678	11.225560188	6.259233475	32.679782867
679	11.225560188	6.259233475	36.942363739
680	11.225560188	6.259233475	41.204940796
681	11.83769989	7.319489479	3.552148581
682	11.83769989	7.319489479	7.814729214
683	11.83769989	7.319489479	12.077308655
684	11.83769989	7.319489479	16.339889526
685	11.83769989	7.319489479	20.602468491
686	11.83769989	7.319489479	24.865049362
687	11.83769989	7.319489479	29.127630234
688	11.83769989	7.319489479	33.390209198
689	11.83769989	7.319489479	37.65279007
690	11.83769989	7.319489479	41.915370941
691	10.287725449	5.472293854	0.710431397
692	10.287725449	5.472293854	4.973011971
693	10.287725449	5.472293854	9.235591888
694	10.287725449	5.472293854	13.49817276
695	10.287725449	5.472293854	17.760751724
696	10.287725449	5.472293854	22.023332596
697	10.287725449	5.472293854	26.285913467
698	10.287725449	5.472293854	30.548492432
699	10.287725449	5.472293854	34.811073303
700	10.287725449	5.472293854	39.07365036
701	11.225560188	6.259233475	1.420858502
702	11.225560188	6.259233475	5.683438301
703	11.225560188	6.259233475	9.946019173
704	11.225560188	6.259233475	14.208599091
705	11.225560188	6.259233475	18.471179962
706	11.225560188	6.259233475	22.733758926
707	11.225560188	6.259233475	26.996339798
708	11.225560188	6.259233475	31.258918762
709	11.225560188	6.259233475	35.521499634
710	11.225560188	6.259233475	39.784080505
711	11.83769989	7.319489479	0.710431397
712	11.83769989	7.319489479	4.973011971
713	11.83769989	7.319489479	9.235591888
714	11.83769989	7.319489479	13.49817276
715	11.83769989	7.319489479	17.760751724
716	11.83769989	7.319489479	22.023332596
717	11.83769989	7.319489479	26.285913467
718	11.83769989	7.319489479	30.548492432
719	11.83769989	7.319489479	34.811073303
720	11.83769989	7.319489479	39.07365036
