1	17.7425741228	15.6306927194	26.6631811656
2	17.7425741228	17.5336630704	29.0947717484
3	17.7425741228	19.4366334211	26.6631811656
4	17.7425741228	21.3396037721	29.0947717484
5	17.7425741228	23.2425741228	26.6631811656
6	17.7425741228	25.1455444737	29.0947717484
7	17.7425741228	27.0485148244	26.6631811656
8	17.7425741228	28.9514851754	29.0947717484
9	17.7425741228	30.8544555261	26.6631811656
10	17.7425741228	32.7574258771	29.0947717484
11	17.7425741228	34.6603962278	26.6631811656
12	19.6455444737	15.6306927194	24.2315905828
13	21.5485148244	15.6306927194	26.6631811656
14	21.5485148244	17.5336630704	19.3684094202
15	21.5485148244	19.4366334211	16.9368188374
16	19.6455444737	17.5336630704	21.8
17	19.6455444737	19.4366334211	24.2315905828
18	21.5485148244	17.5336630704	29.0947717484
19	21.5485148244	19.4366334211	26.6631811656
20	19.6455444737	17.5336630704	31.5263623283
21	19.6455444737	19.4366334211	33.9579529111
22	21.5485148244	19.4366334211	36.3895434939
23	21.5485148244	21.3396037721	19.3684094202
24	21.5485148244	23.2425741228	16.9368188374
25	19.6455444737	21.3396037721	21.8
26	19.6455444737	23.2425741228	24.2315905828
27	21.5485148244	21.3396037721	29.0947717484
28	21.5485148244	23.2425741228	26.6631811656
29	19.6455444737	21.3396037721	31.5263623283
30	19.6455444737	23.2425741228	33.9579529111
31	21.5485148244	21.3396037721	38.8211340767
32	21.5485148244	23.2425741228	36.3895434939
33	21.5485148244	25.1455444737	19.3684094202
34	21.5485148244	27.0485148244	16.9368188374
35	19.6455444737	25.1455444737	21.8
36	19.6455444737	27.0485148244	24.2315905828
37	21.5485148244	25.1455444737	29.0947717484
38	21.5485148244	27.0485148244	26.6631811656
39	19.6455444737	25.1455444737	31.5263623283
40	19.6455444737	27.0485148244	33.9579529111
41	21.5485148244	27.0485148244	36.3895434939
42	21.5485148244	28.9514851754	19.3684094202
43	21.5485148244	30.8544555261	16.9368188374
44	19.6455444737	28.9514851754	21.8
45	19.6455444737	30.8544555261	24.2315905828
46	21.5485148244	28.9514851754	29.0947717484
47	21.5485148244	30.8544555261	26.6631811656
48	19.6455444737	28.9514851754	31.5263623283
49	19.6455444737	30.8544555261	33.9579529111
50	21.5485148244	28.9514851754	38.8211340767
51	21.5485148244	30.8544555261	36.3895434939
52	21.5485148244	32.7574258771	19.3684094202
53	19.6455444737	32.7574258771	21.8
54	19.6455444737	34.6603962278	24.2315905828
55	21.5485148244	32.7574258771	29.0947717484
56	21.5485148244	34.6603962278	26.6631811656
57	19.6455444737	32.7574258771	31.5263623283
58	23.4514851754	15.6306927194	24.2315905828
59	25.3544555261	15.6306927194	26.6631811656
60	23.4514851754	19.4366334211	14.5052282546
61	25.3544555261	17.5336630704	19.3684094202
62	25.3544555261	19.4366334211	16.9368188374
63	23.4514851754	17.5336630704	21.8
64	23.4514851754	19.4366334211	24.2315905828
65	25.3544555261	17.5336630704	29.0947717484
66	25.3544555261	19.4366334211	26.6631811656
67	23.4514851754	17.5336630704	31.5263623283
68	23.4514851754	19.4366334211	33.9579529111
69	25.3544555261	19.4366334211	36.3895434939
70	25.3544555261	21.3396037721	9.64204709192
71	23.4514851754	21.3396037721	12.0736376717
72	23.4514851754	23.2425741228	14.5052282546
73	25.3544555261	21.3396037721	19.3684094202
74	25.3544555261	23.2425741228	16.9368188374
75	23.4514851754	21.3396037721	21.8
76	23.4514851754	23.2425741228	24.2315905828
77	25.3544555261	21.3396037721	29.0947717484
78	25.3544555261	23.2425741228	26.6631811656
79	23.4514851754	21.3396037721	31.5263623283
80	23.4514851754	23.2425741228	33.9579529111
81	25.3544555261	21.3396037721	38.8211340767
82	25.3544555261	23.2425741228	36.3895434939
83	23.4514851754	21.3396037721	41.2527246565
84	25.3544555261	25.1455444737	9.64204709192
85	23.4514851754	25.1455444737	12.0736376717
86	23.4514851754	27.0485148244	14.5052282546
87	25.3544555261	25.1455444737	19.3684094202
88	25.3544555261	27.0485148244	16.9368188374
89	23.4514851754	25.1455444737	21.8
90	23.4514851754	27.0485148244	24.2315905828
91	25.3544555261	25.1455444737	29.0947717484
92	25.3544555261	27.0485148244	26.6631811656
93	23.4514851754	25.1455444737	31.5263623283
94	23.4514851754	27.0485148244	33.9579529111
95	25.3544555261	25.1455444737	38.8211340767
96	25.3544555261	27.0485148244	36.3895434939
97	23.4514851754	25.1455444737	41.2527246565
98	25.3544555261	28.9514851754	9.64204709192
99	23.4514851754	28.9514851754	12.0736376717
100	23.4514851754	30.8544555261	14.5052282546
101	25.3544555261	28.9514851754	19.3684094202
102	25.3544555261	30.8544555261	16.9368188374
103	23.4514851754	28.9514851754	21.8
104	23.4514851754	30.8544555261	24.2315905828
105	25.3544555261	28.9514851754	29.0947717484
106	25.3544555261	30.8544555261	26.6631811656
107	23.4514851754	28.9514851754	31.5263623283
108	23.4514851754	30.8544555261	33.9579529111
109	25.3544555261	28.9514851754	38.8211340767
110	25.3544555261	30.8544555261	36.3895434939
111	23.4514851754	28.9514851754	41.2527246565
112	25.3544555261	32.7574258771	19.3684094202
113	23.4514851754	32.7574258771	21.8
114	23.4514851754	34.6603962278	24.2315905828
115	25.3544555261	32.7574258771	29.0947717484
116	25.3544555261	34.6603962278	26.6631811656
117	23.4514851754	32.7574258771	31.5263623283
118	27.2574258771	15.6306927194	24.2315905828
119	29.1603962278	15.6306927194	26.6631811656
120	27.2574258771	19.4366334211	14.5052282546
121	29.1603962278	17.5336630704	19.3684094202
122	29.1603962278	19.4366334211	16.9368188374
123	27.2574258771	17.5336630704	21.8
124	27.2574258771	19.4366334211	24.2315905828
125	29.1603962278	17.5336630704	29.0947717484
126	29.1603962278	19.4366334211	26.6631811656
127	27.2574258771	17.5336630704	31.5263623283
128	27.2574258771	19.4366334211	33.9579529111
129	27.2574258771	21.3396037721	12.0736376717
130	27.2574258771	23.2425741228	14.5052282546
131	29.1603962278	21.3396037721	19.3684094202
132	29.1603962278	23.2425741228	16.9368188374
133	27.2574258771	21.3396037721	21.8
134	27.2574258771	23.2425741228	24.2315905828
135	29.1603962278	21.3396037721	29.0947717484
136	29.1603962278	23.2425741228	26.6631811656
137	27.2574258771	21.3396037721	31.5263623283
138	27.2574258771	23.2425741228	33.9579529111
139	27.2574258771	27.0485148244	14.5052282546
140	29.1603962278	25.1455444737	19.3684094202
141	29.1603962278	27.0485148244	16.9368188374
142	27.2574258771	25.1455444737	21.8
143	27.2574258771	27.0485148244	24.2315905828
144	29.1603962278	25.1455444737	29.0947717484
145	29.1603962278	27.0485148244	26.6631811656
146	27.2574258771	25.1455444737	31.5263623283
147	27.2574258771	27.0485148244	33.9579529111
148	27.2574258771	28.9514851754	12.0736376717
149	27.2574258771	30.8544555261	14.5052282546
150	29.1603962278	28.9514851754	19.3684094202
151	29.1603962278	30.8544555261	16.9368188374
152	27.2574258771	28.9514851754	21.8
153	27.2574258771	30.8544555261	24.2315905828
154	29.1603962278	28.9514851754	29.0947717484
155	29.1603962278	30.8544555261	26.6631811656
156	27.2574258771	28.9514851754	31.5263623283
157	27.2574258771	30.8544555261	33.9579529111
158	29.1603962278	32.7574258771	19.3684094202
159	27.2574258771	32.7574258771	21.8
160	27.2574258771	34.6603962278	24.2315905828
161	29.1603962278	32.7574258771	29.0947717484
162	29.1603962278	34.6603962278	26.6631811656
163	27.2574258771	32.7574258771	31.5263623283
164	31.0633665788	15.6306927194	24.2315905828
165	31.0633665788	17.5336630704	21.8
166	31.0633665788	19.4366334211	24.2315905828
167	31.0633665788	21.3396037721	21.8
168	31.0633665788	23.2425741228	24.2315905828
169	31.0633665788	25.1455444737	21.8
170	31.0633665788	27.0485148244	24.2315905828
171	31.0633665788	28.9514851754	21.8
172	31.0633665788	30.8544555261	24.2315905828
173	31.0633665788	32.7574258771	21.8
174	31.0633665788	34.6603962278	24.2315905828
175	17.7425741228	15.6306927194	24.6559016612
176	17.7425741228	15.6306927194	28.6704606598
177	17.7425741228	17.5336630704	27.0874922542
178	17.7425741228	17.5336630704	31.1020512426
179	17.7425741228	19.4366334211	24.6559016612
180	17.7425741228	19.4366334211	28.6704606598
181	17.7425741228	21.3396037721	27.0874922542
182	17.7425741228	21.3396037721	31.1020512426
183	17.7425741228	23.2425741228	24.6559016612
184	17.7425741228	23.2425741228	28.6704606598
185	17.7425741228	25.1455444737	27.0874922542
186	17.7425741228	25.1455444737	31.1020512426
187	17.7425741228	27.0485148244	24.6559016612
188	17.7425741228	27.0485148244	28.6704606598
189	17.7425741228	28.9514851754	27.0874922542
190	17.7425741228	28.9514851754	31.1020512426
191	17.7425741228	30.8544555261	24.6559016612
192	17.7425741228	30.8544555261	28.6704606598
193	17.7425741228	32.7574258771	27.0874922542
194	17.7425741228	32.7574258771	31.1020512426
195	17.7425741228	34.6603962278	24.6559016612
196	17.7425741228	34.6603962278	28.6704606598
197	19.6455444737	15.6306927194	22.2243110886
198	19.6455444737	15.6306927194	26.238870077
199	21.5485148244	15.6306927194	24.6559016612
200	21.5485148244	15.6306927194	28.6704606598
201	19.6455444737	17.5336630704	19.7927204986
202	21.5485148244	17.5336630704	17.3611299259
203	21.5485148244	17.5336630704	21.3756889144
204	21.5485148244	19.4366334211	14.929539333
205	21.5485148244	19.4366334211	18.9440983316
206	19.6455444737	17.5336630704	23.8072794942
207	19.6455444737	17.5336630704	29.5190828269
208	19.6455444737	19.4366334211	22.2243110886
209	19.6455444737	19.4366334211	26.238870077
210	21.5485148244	17.5336630704	27.0874922542
211	21.5485148244	17.5336630704	31.1020512426
212	21.5485148244	19.4366334211	24.6559016612
213	21.5485148244	19.4366334211	28.6704606598
214	19.6455444737	17.5336630704	33.5336418225
215	19.6455444737	19.4366334211	31.9506734168
216	19.6455444737	19.4366334211	35.9652324053
217	21.5485148244	19.4366334211	34.3822639895
218	21.5485148244	19.4366334211	38.3968229881
219	19.6455444737	21.3396037721	19.7927204986
220	21.5485148244	21.3396037721	17.3611299259
221	21.5485148244	21.3396037721	21.3756889144
222	21.5485148244	23.2425741228	14.929539333
223	21.5485148244	23.2425741228	18.9440983316
224	19.6455444737	21.3396037721	23.8072794942
225	19.6455444737	21.3396037721	29.5190828269
226	19.6455444737	23.2425741228	22.2243110886
227	19.6455444737	23.2425741228	26.238870077
228	21.5485148244	21.3396037721	27.0874922542
229	21.5485148244	21.3396037721	31.1020512426
230	21.5485148244	23.2425741228	24.6559016612
231	21.5485148244	23.2425741228	28.6704606598
232	19.6455444737	21.3396037721	33.5336418225
233	19.6455444737	23.2425741228	31.9506734168
234	19.6455444737	23.2425741228	35.9652324053
235	21.5485148244	21.3396037721	36.8138545825
236	21.5485148244	21.3396037721	40.8284135709
237	21.5485148244	23.2425741228	34.3822639895
238	21.5485148244	23.2425741228	38.3968229881
239	19.6455444737	25.1455444737	19.7927204986
240	21.5485148244	25.1455444737	17.3611299259
241	21.5485148244	25.1455444737	21.3756889144
242	21.5485148244	27.0485148244	14.929539333
243	21.5485148244	27.0485148244	18.9440983316
244	19.6455444737	25.1455444737	23.8072794942
245	19.6455444737	25.1455444737	29.5190828269
246	19.6455444737	27.0485148244	22.2243110886
247	19.6455444737	27.0485148244	26.238870077
248	21.5485148244	25.1455444737	27.0874922542
249	21.5485148244	25.1455444737	31.1020512426
250	21.5485148244	27.0485148244	24.6559016612
251	21.5485148244	27.0485148244	28.6704606598
252	19.6455444737	25.1455444737	33.5336418225
253	19.6455444737	27.0485148244	31.9506734168
254	19.6455444737	27.0485148244	35.9652324053
255	21.5485148244	25.1455444737	36.8138545825
256	21.5485148244	27.0485148244	34.3822639895
257	21.5485148244	27.0485148244	38.3968229881
258	19.6455444737	28.9514851754	19.7927204986
259	21.5485148244	28.9514851754	17.3611299259
260	21.5485148244	28.9514851754	21.3756889144
261	21.5485148244	30.8544555261	14.929539333
262	21.5485148244	30.8544555261	18.9440983316
263	19.6455444737	28.9514851754	23.8072794942
264	19.6455444737	28.9514851754	29.5190828269
265	19.6455444737	30.8544555261	22.2243110886
266	19.6455444737	30.8544555261	26.238870077
267	21.5485148244	28.9514851754	27.0874922542
268	21.5485148244	28.9514851754	31.1020512426
269	21.5485148244	30.8544555261	24.6559016612
270	21.5485148244	30.8544555261	28.6704606598
271	19.6455444737	28.9514851754	33.5336418225
272	19.6455444737	30.8544555261	31.9506734168
273	19.6455444737	30.8544555261	35.9652324053
274	21.5485148244	28.9514851754	36.8138545825
275	21.5485148244	28.9514851754	40.8284135709
276	21.5485148244	30.8544555261	34.3822639895
277	21.5485148244	30.8544555261	38.3968229881
278	19.6455444737	32.7574258771	19.7927204986
279	21.5485148244	32.7574258771	17.3611299259
280	21.5485148244	32.7574258771	21.3756889144
281	19.6455444737	32.7574258771	23.8072794942
282	19.6455444737	32.7574258771	29.5190828269
283	19.6455444737	34.6603962278	22.2243110886
284	19.6455444737	34.6603962278	26.238870077
285	21.5485148244	32.7574258771	27.0874922542
286	21.5485148244	32.7574258771	31.1020512426
287	21.5485148244	34.6603962278	24.6559016612
288	21.5485148244	34.6603962278	28.6704606598
289	19.6455444737	32.7574258771	33.5336418225
290	23.4514851754	15.6306927194	22.2243110886
291	23.4514851754	15.6306927194	26.238870077
292	25.3544555261	15.6306927194	24.6559016612
293	25.3544555261	15.6306927194	28.6704606598
294	23.4514851754	17.5336630704	19.7927204986
295	23.4514851754	19.4366334211	12.4979487603
296	23.4514851754	19.4366334211	16.5125077488
297	25.3544555261	17.5336630704	17.3611299259
298	25.3544555261	17.5336630704	21.3756889144
299	25.3544555261	19.4366334211	14.929539333
300	25.3544555261	19.4366334211	18.9440983316
301	23.4514851754	17.5336630704	23.8072794942
302	23.4514851754	17.5336630704	29.5190828269
303	23.4514851754	19.4366334211	22.2243110886
304	23.4514851754	19.4366334211	26.238870077
305	25.3544555261	17.5336630704	27.0874922542
306	25.3544555261	17.5336630704	31.1020512426
307	25.3544555261	19.4366334211	24.6559016612
308	25.3544555261	19.4366334211	28.6704606598
309	23.4514851754	17.5336630704	33.5336418225
310	23.4514851754	19.4366334211	31.9506734168
311	23.4514851754	19.4366334211	35.9652324053
312	25.3544555261	19.4366334211	34.3822639895
313	25.3544555261	19.4366334211	38.3968229881
314	23.4514851754	21.3396037721	10.0663581704
315	25.3544555261	21.3396037721	11.6493265861
316	25.3544555261	23.2425741228	9.21773600334
317	23.4514851754	21.3396037721	14.080917166
318	23.4514851754	21.3396037721	19.7927204986
319	23.4514851754	23.2425741228	12.4979487603
320	23.4514851754	23.2425741228	16.5125077488
321	25.3544555261	21.3396037721	17.3611299259
322	25.3544555261	21.3396037721	21.3756889144
323	25.3544555261	23.2425741228	14.929539333
324	25.3544555261	23.2425741228	18.9440983316
325	23.4514851754	21.3396037721	23.8072794942
326	23.4514851754	21.3396037721	29.5190828269
327	23.4514851754	23.2425741228	22.2243110886
328	23.4514851754	23.2425741228	26.238870077
329	25.3544555261	21.3396037721	27.0874922542
330	25.3544555261	21.3396037721	31.1020512426
331	25.3544555261	23.2425741228	24.6559016612
332	25.3544555261	23.2425741228	28.6704606598
333	23.4514851754	21.3396037721	33.5336418225
334	23.4514851754	21.3396037721	39.2454451551
335	23.4514851754	23.2425741228	31.9506734168
336	23.4514851754	23.2425741228	35.9652324053
337	25.3544555261	21.3396037721	36.8138545825
338	25.3544555261	21.3396037721	40.8284135709
339	25.3544555261	23.2425741228	34.3822639895
340	25.3544555261	23.2425741228	38.3968229881
341	23.4514851754	23.2425741228	41.6770357451
342	23.4514851754	25.1455444737	10.0663581704
343	25.3544555261	25.1455444737	11.6493265861
344	25.3544555261	27.0485148244	9.21773600334
345	23.4514851754	25.1455444737	14.080917166
346	23.4514851754	25.1455444737	19.7927204986
347	23.4514851754	27.0485148244	12.4979487603
348	23.4514851754	27.0485148244	16.5125077488
349	25.3544555261	25.1455444737	17.3611299259
350	25.3544555261	25.1455444737	21.3756889144
351	25.3544555261	27.0485148244	14.929539333
352	25.3544555261	27.0485148244	18.9440983316
353	23.4514851754	25.1455444737	23.8072794942
354	23.4514851754	25.1455444737	29.5190828269
355	23.4514851754	27.0485148244	22.2243110886
356	23.4514851754	27.0485148244	26.238870077
357	25.3544555261	25.1455444737	27.0874922542
358	25.3544555261	25.1455444737	31.1020512426
359	25.3544555261	27.0485148244	24.6559016612
360	25.3544555261	27.0485148244	28.6704606598
361	23.4514851754	25.1455444737	33.5336418225
362	23.4514851754	25.1455444737	39.2454451551
363	23.4514851754	27.0485148244	31.9506734168
364	23.4514851754	27.0485148244	35.9652324053
365	25.3544555261	25.1455444737	36.8138545825
366	25.3544555261	25.1455444737	40.8284135709
367	25.3544555261	27.0485148244	34.3822639895
368	25.3544555261	27.0485148244	38.3968229881
369	23.4514851754	27.0485148244	41.6770357451
370	23.4514851754	28.9514851754	10.0663581704
371	25.3544555261	28.9514851754	11.6493265861
372	23.4514851754	28.9514851754	14.080917166
373	23.4514851754	28.9514851754	19.7927204986
374	23.4514851754	30.8544555261	12.4979487603
375	23.4514851754	30.8544555261	16.5125077488
376	25.3544555261	28.9514851754	17.3611299259
377	25.3544555261	28.9514851754	21.3756889144
378	25.3544555261	30.8544555261	14.929539333
379	25.3544555261	30.8544555261	18.9440983316
380	23.4514851754	28.9514851754	23.8072794942
381	23.4514851754	28.9514851754	29.5190828269
382	23.4514851754	30.8544555261	22.2243110886
383	23.4514851754	30.8544555261	26.238870077
384	25.3544555261	28.9514851754	27.0874922542
385	25.3544555261	28.9514851754	31.1020512426
386	25.3544555261	30.8544555261	24.6559016612
387	25.3544555261	30.8544555261	28.6704606598
388	23.4514851754	28.9514851754	33.5336418225
389	23.4514851754	28.9514851754	39.2454451551
390	23.4514851754	30.8544555261	31.9506734168
391	23.4514851754	30.8544555261	35.9652324053
392	25.3544555261	28.9514851754	36.8138545825
393	25.3544555261	28.9514851754	40.8284135709
394	25.3544555261	30.8544555261	34.3822639895
395	25.3544555261	30.8544555261	38.3968229881
396	23.4514851754	32.7574258771	19.7927204986
397	25.3544555261	32.7574258771	17.3611299259
398	25.3544555261	32.7574258771	21.3756889144
399	23.4514851754	32.7574258771	23.8072794942
400	23.4514851754	32.7574258771	29.5190828269
401	23.4514851754	34.6603962278	22.2243110886
402	23.4514851754	34.6603962278	26.238870077
403	25.3544555261	32.7574258771	27.0874922542
404	25.3544555261	32.7574258771	31.1020512426
405	25.3544555261	34.6603962278	24.6559016612
406	25.3544555261	34.6603962278	28.6704606598
407	23.4514851754	32.7574258771	33.5336418225
408	27.2574258771	15.6306927194	22.2243110886
409	27.2574258771	15.6306927194	26.238870077
410	29.1603962278	15.6306927194	24.6559016612
411	29.1603962278	15.6306927194	28.6704606598
412	27.2574258771	17.5336630704	19.7927204986
413	27.2574258771	19.4366334211	12.4979487603
414	27.2574258771	19.4366334211	16.5125077488
415	29.1603962278	17.5336630704	17.3611299259
416	29.1603962278	17.5336630704	21.3756889144
417	29.1603962278	19.4366334211	14.929539333
418	29.1603962278	19.4366334211	18.9440983316
419	27.2574258771	17.5336630704	23.8072794942
420	27.2574258771	17.5336630704	29.5190828269
421	27.2574258771	19.4366334211	22.2243110886
422	27.2574258771	19.4366334211	26.238870077
423	29.1603962278	17.5336630704	27.0874922542
424	29.1603962278	17.5336630704	31.1020512426
425	29.1603962278	19.4366334211	24.6559016612
426	29.1603962278	19.4366334211	28.6704606598
427	27.2574258771	17.5336630704	33.5336418225
428	27.2574258771	19.4366334211	31.9506734168
429	27.2574258771	19.4366334211	35.9652324053
430	27.2574258771	21.3396037721	10.0663581704
431	27.2574258771	21.3396037721	14.080917166
432	27.2574258771	21.3396037721	19.7927204986
433	27.2574258771	23.2425741228	12.4979487603
434	27.2574258771	23.2425741228	16.5125077488
435	29.1603962278	21.3396037721	17.3611299259
436	29.1603962278	21.3396037721	21.3756889144
437	29.1603962278	23.2425741228	14.929539333
438	29.1603962278	23.2425741228	18.9440983316
439	27.2574258771	21.3396037721	23.8072794942
440	27.2574258771	21.3396037721	29.5190828269
441	27.2574258771	23.2425741228	22.2243110886
442	27.2574258771	23.2425741228	26.238870077
443	29.1603962278	21.3396037721	27.0874922542
444	29.1603962278	21.3396037721	31.1020512426
445	29.1603962278	23.2425741228	24.6559016612
446	29.1603962278	23.2425741228	28.6704606598
447	27.2574258771	21.3396037721	33.5336418225
448	27.2574258771	23.2425741228	31.9506734168
449	27.2574258771	23.2425741228	35.9652324053
450	27.2574258771	25.1455444737	14.080917166
451	27.2574258771	25.1455444737	19.7927204986
452	27.2574258771	27.0485148244	12.4979487603
453	27.2574258771	27.0485148244	16.5125077488
454	29.1603962278	25.1455444737	17.3611299259
455	29.1603962278	25.1455444737	21.3756889144
456	29.1603962278	27.0485148244	14.929539333
457	29.1603962278	27.0485148244	18.9440983316
458	27.2574258771	25.1455444737	23.8072794942
459	27.2574258771	25.1455444737	29.5190828269
460	27.2574258771	27.0485148244	22.2243110886
461	27.2574258771	27.0485148244	26.238870077
462	29.1603962278	25.1455444737	27.0874922542
463	29.1603962278	25.1455444737	31.1020512426
464	29.1603962278	27.0485148244	24.6559016612
465	29.1603962278	27.0485148244	28.6704606598
466	27.2574258771	25.1455444737	33.5336418225
467	27.2574258771	27.0485148244	31.9506734168
468	27.2574258771	27.0485148244	35.9652324053
469	27.2574258771	28.9514851754	10.0663581704
470	27.2574258771	28.9514851754	14.080917166
471	27.2574258771	28.9514851754	19.7927204986
472	27.2574258771	30.8544555261	12.4979487603
473	27.2574258771	30.8544555261	16.5125077488
474	29.1603962278	28.9514851754	17.3611299259
475	29.1603962278	28.9514851754	21.3756889144
476	29.1603962278	30.8544555261	14.929539333
477	29.1603962278	30.8544555261	18.9440983316
478	27.2574258771	28.9514851754	23.8072794942
479	27.2574258771	28.9514851754	29.5190828269
480	27.2574258771	30.8544555261	22.2243110886
481	27.2574258771	30.8544555261	26.238870077
482	29.1603962278	28.9514851754	27.0874922542
483	29.1603962278	28.9514851754	31.1020512426
484	29.1603962278	30.8544555261	24.6559016612
485	29.1603962278	30.8544555261	28.6704606598
486	27.2574258771	28.9514851754	33.5336418225
487	27.2574258771	30.8544555261	31.9506734168
488	27.2574258771	30.8544555261	35.9652324053
489	27.2574258771	32.7574258771	19.7927204986
490	29.1603962278	32.7574258771	17.3611299259
491	29.1603962278	32.7574258771	21.3756889144
492	27.2574258771	32.7574258771	23.8072794942
493	27.2574258771	32.7574258771	29.5190828269
494	27.2574258771	34.6603962278	22.2243110886
495	27.2574258771	34.6603962278	26.238870077
496	29.1603962278	32.7574258771	27.0874922542
497	29.1603962278	32.7574258771	31.1020512426
498	29.1603962278	34.6603962278	24.6559016612
499	29.1603962278	34.6603962278	28.6704606598
500	27.2574258771	32.7574258771	33.5336418225
501	31.0633665788	15.6306927194	22.2243110886
502	31.0633665788	15.6306927194	26.238870077
503	31.0633665788	17.5336630704	19.7927204986
504	31.0633665788	17.5336630704	23.8072794942
505	31.0633665788	19.4366334211	22.2243110886
506	31.0633665788	19.4366334211	26.238870077
507	31.0633665788	21.3396037721	19.7927204986
508	31.0633665788	21.3396037721	23.8072794942
509	31.0633665788	23.2425741228	22.2243110886
510	31.0633665788	23.2425741228	26.238870077
511	31.0633665788	25.1455444737	19.7927204986
512	31.0633665788	25.1455444737	23.8072794942
513	31.0633665788	27.0485148244	22.2243110886
514	31.0633665788	27.0485148244	26.238870077
515	31.0633665788	28.9514851754	19.7927204986
516	31.0633665788	28.9514851754	23.8072794942
517	31.0633665788	30.8544555261	22.2243110886
518	31.0633665788	30.8544555261	26.238870077
519	31.0633665788	32.7574258771	19.7927204986
520	31.0633665788	32.7574258771	23.8072794942
521	31.0633665788	34.6603962278	22.2243110886
522	31.0633665788	34.6603962278	26.238870077
